[1.81028240e-02 6.76140478e+01 6.02824041e+00 6.75235337e+00
 1.77407676e+00 2.37146995e+00 4.05503259e+00 4.09123823e+00
 4.74293990e+00 2.55249819e+00]
[2.11004274e+00 6.67735043e-02 4.35363248e+00 5.28445513e+01
 0.00000000e+00 2.37446581e+01 3.60576923e-01 4.00641026e-02
 1.53445513e+01 1.13514957e+00]
[3.27225131e-01 1.96335079e-01 9.11649215e+01 4.75567190e+00
 2.61780105e-01 3.27225131e-01 1.26527051e+00 6.54450262e-01
 9.59860384e-01 8.72600349e-02]
[2.67578415e-01 1.04058273e-01 8.62197116e-01 5.79753233e-01
 2.26549725e+01 5.14345176e+00 1.48654675e-02 4.19503493e+01
 2.91363163e+00 2.55091423e+01]
[79.92957746  0.          3.04097311  3.84122919  0.2240717   7.8425096
  3.23303457  0.41613316  0.89628681  0.57618438]
[ 2.60540028  0.15790305  2.46328754 16.2798042   0.20527396 22.65908732
  1.16848255  0.09474183 53.73440707  0.63161219]
[ 0.33563304 55.08111132  6.86183106  1.90192057  4.60563118 14.28305053
  3.95301137  4.38187582  7.12287899  1.47305613]
[9.16143942e+01 0.00000000e+00 3.30141961e-01 4.95212942e-01
 6.60283922e-02 2.01386596e+00 3.56553318e+00 2.31099373e-01
 1.08946847e+00 5.94255530e-01]
[ 1.19003347  0.07437709  4.38824842  1.22722202 40.79583488  3.57010041
 10.5243585   9.91074749  2.52882112 25.7902566 ]
[3.66314199e+00 1.88821752e-01 3.02114804e+00 1.11404834e+00
 2.34138973e+00 2.62462236e+00 8.58383686e+01 3.77643505e-02
 1.03851964e+00 1.32175227e-01]
[2.51607492e-01 1.11825552e-01 5.17193179e-01 2.11070730e+00
 2.26586525e+01 4.37517473e+00 1.39781940e-02 3.33799273e+01
 2.27844562e+00 3.43024881e+01]
