inertia: 452.32842917535766

[
    {
        "4.0": 3221,
        "7.0": 1954,
        "3.0": 181,
        "5.0": 388,
        "9.0": 2919,
        "1.0": 14,
        "2.0": 192,
        "6.0": 80,
        "0.0": 41,
        "8.0": 221
    },
    {
        "9.0": 2589,
        "4.0": 2074,
        "7.0": 3736,
        "2.0": 74,
        "5.0": 938,
        "8.0": 605,
        "3.0": 96,
        "1.0": 14,
        "0.0": 41,
        "6.0": 1
    },
    {
        "6.0": 5041,
        "4.0": 174,
        "2.0": 421,
        "0.0": 245,
        "5.0": 143,
        "8.0": 54,
        "3.0": 70,
        "7.0": 6,
        "9.0": 11,
        "1.0": 12
    },
    {
        "5.0": 2592,
        "3.0": 4461,
        "8.0": 2019,
        "9.0": 119,
        "0.0": 324,
        "2.0": 405,
        "6.0": 58,
        "7.0": 6,
        "1.0": 17,
        "4.0": 2
    },
    {
        "0.0": 4814,
        "5.0": 83,
        "6.0": 85,
        "3.0": 40,
        "9.0": 51,
        "2.0": 68,
        "4.0": 13,
        "7.0": 21,
        "8.0": 37
    },
    {
        "1.0": 6515,
        "5.0": 902,
        "7.0": 458,
        "4.0": 288,
        "8.0": 811,
        "2.0": 879,
        "6.0": 493,
        "0.0": 33,
        "9.0": 234,
        "3.0": 458
    },
    {
        "2.0": 3919,
        "8.0": 2104,
        "0.0": 425,
        "3.0": 825,
        "5.0": 375,
        "7.0": 84,
        "1.0": 170,
        "6.0": 160,
        "4.0": 70,
        "9.0": 26
    }
][0.0, 0.0, 0.0, 0.0, 0.0, 0.0, 0.0, 0.0, 0.0, 0.0, 0.0, 0.0, 0.0, 0.0, 0.0, 0.0, 0.0, 0.0, 0.0, 0.0, 0.0, 0.0, 0.0, 0.0, 0.0, 0.0, 0.0, 0.0, 0.0, 0.0, 0.0, 0.0, 0.0, 0.0, 4.853531902392919e-05, 8.514968249812138e-05, 0.00021628019354522833, 5.0664061086382224e-05, 4.93868158489104e-05, 8.302094043566835e-05, 0.0, 0.0, 0.0, 0.0, 0.0, 0.0, 0.0, 0.0, 0.0, 0.0, 0.0, 0.0, 0.0, 0.0, 0.0, 0.0, 0.0, 0.0, 0.0, 0.0, 0.0, 0.0, 2.1713169037020953e-05, 0.00042063943154071966, 0.0006956729060096517, 0.0006420286060358352, 0.0008063674932572095, 0.0007373962504337312, 0.0006288304052486265, 0.00033804423951754183, 0.00015667541579654335, 0.0, 0.0, 0.0, 0.0, 0.00015710116420903394, 0.00013325925310955997, 7.578321742332803e-05, 7.96149531357435e-05, 0.0, 0.0, 0.0, 0.0, 0.0, 0.0, 0.0, 0.0, 0.0, 4.0446099186607656e-05, 5.619879044876011e-05, 0.0002767364681188945, 0.0009443099789041661, 0.0015084266254542203, 0.0023705671607477, 0.0030530418659701426, 0.002493608451957485, 0.001786866087223077, 0.001048618339964365, 0.0006441573480982882, 0.0008021100091323033, 0.0011499464621371296, 0.001085232703438557, 0.0012040165105234363, 0.001539080511153544, 0.0014628715453177254, 0.0008962004082927275, 0.0005419777291005427, 0.00032910352285523916, 0.0001175065618474075, 0.0, 0.0, 0.0, 0.0, 0.0, 0.0, 0.0, 0.00018605205625839521, 0.0009958255368155296, 0.0017332217872492613, 0.00336000647137587, 0.006147381327951872, 0.008739337663194688, 0.009913551784843776, 0.010396776233020624, 0.010747167176500391, 0.008167557545219807, 0.006457326172245036, 0.007394398428136863, 0.011618248428456171, 0.015199644074327157, 0.016998431117099966, 0.01534823027028638, 0.012713699093794504, 0.008502621545849916, 0.00491100793807915, 0.0025855701090554566, 0.0008638435289434413, 0.0001175065618474075, 3.831735712415462e-06, 0.0, 0.0, 0.0, 0.0, 0.00010686285153514235, 0.0013053446326962005, 0.004287712262192901, 0.010014454158604053, 0.0172057705939829, 0.026636523679062378, 0.040185541158163446, 0.048667726780213735, 0.052525858894203734, 0.052456461902967794, 0.04609620636877056, 0.042099706020721175, 0.045037370066906425, 0.057635265592503385, 0.06980528396354749, 0.07271655160815828, 0.05995985192470217, 0.04581691541017669, 0.02974831882595621, 0.01853538288619107, 0.009752193136509846, 0.004107620683709375, 0.000984330329678283, 0.000292489159381047, 0.0, 0.0, 0.0, 0.00022479516179504046, 0.0012631955398596307, 0.005465332371141926, 0.01439923705884482, 0.0288883070327252, 0.04993560555261089, 0.07829853904432259, 0.11850834786199795, 0.15633524281496353, 0.18341582208825305, 0.2088129921385556, 0.22253273473106538, 0.22533671377572811, 0.2244192259468113, 0.21614267680799412, 0.1994780324462865, 0.17236765078412195, 0.13017683460312823, 0.08940972111350264, 0.05904619583149738, 0.037003923271621095, 0.02092851471280076, 0.009350286635118709, 0.0023296953131486, 0.0005926417901869251, 8.302094043566835e-05, 2.0010175387058527e-05, 0.00024225084670715535, 0.001826460689584703, 0.006509693226981384, 0.01925234321282527, 0.041895346782725745, 0.07440081232797106, 0.12268877152424335, 0.19171408439610743, 0.275881565306613, 0.3535133823369769, 0.40732414994007704, 0.4314751543870201, 0.43077820423577395, 0.4193668695357875, 0.4160643391000989, 0.40828761859754387, 0.38040492931512, 0.3107712219618062, 0.2210549619913107, 0.14382036822980235, 0.08664746541326344, 0.05162540100178607, 0.0280129682966445, 0.012764788903293382, 0.003929657847288301, 0.0011801745994239625, 0.00014943769278420304, 8.131794678570593e-05, 0.0010980051558132752, 0.006861361415698623, 0.019209342623163716, 0.04345188297879143, 0.08275569917468685, 0.13769512581929988, 0.2225412496993154, 0.33970380682943063, 0.4651441903436021, 0.5513003420888565, 0.5635350742185994, 0.5226125625584123, 0.47334580776182156, 0.44619753449094474, 0.4595098358527025, 0.502339274652433, 0.5157128837855904, 0.4489282848086593, 0.3203995223102807, 0.19684307552138267, 0.11133959609248134, 0.05974868071210684, 0.02823052573542721, 0.011912440581487188, 0.0044192685216524995, 0.0011095003629505217, 1.0217961899774566e-05, 4.598082854898555e-05, 0.0017804798610357177, 0.01132405627542517, 0.02898197168347312, 0.0615270318310802, 0.1135505075985451, 0.1935669414872676, 0.3145901852218474, 0.4640334127354151, 0.5909771138940915, 0.6156786110383878, 0.5395684188342633, 0.4344289968728801, 0.3566298607164086, 0.33130166190893, 0.37781510172194066, 0.4830792679681836, 0.56946702684983, 0.5367870044554613, 0.39903908583301045, 0.2402247100121132, 0.12630209830105094, 0.05965671905500893, 0.023458311779819947, 0.008855566979804623, 0.0031794891444798514, 0.00047172924103959236, 0.0, 7.918920472325288e-05, 0.002386319852009852, 0.011430919126960308, 0.0298577361679663, 0.06561634533305256, 0.1276457602908716, 0.22633594529984438, 0.3726873878419037, 0.5284487217968333, 0.6044456649232353, 0.541692051915766, 0.394966802267537, 0.271767558396717, 0.20626914537392455, 0.19946355700026183, 0.2777416601207852, 0.4380278482036632, 0.5820453379484533, 0.5786772422572376, 0.4436034494136405, 0.2608262499441203, 0.12770366207497053, 0.053270918616062285, 0.01723259274396982, 0.005538561098090306, 0.0015446152405159217, 0.00018179457213348917, 0.0, 0.00014177422135937213, 0.001857540323696518, 0.008883240626616516, 0.023800187755049985, 0.058018013415332574, 0.12555022660459267, 0.23768128899589422, 0.40147734699134474, 0.5402508935394852, 0.5531842788141247, 0.42181023967507014, 0.25079561734584177, 0.1462160545468864, 0.1090656738213689, 0.12685046225633875, 0.22736242472235885, 0.4215999199593, 0.5940476114449762, 0.6024765785154658, 0.4580427068232601, 0.26249348072743384, 0.1203509869912575, 0.047241043849957816, 0.015717354143915743, 0.004527408618425115, 0.0010503213336143272, 0.00040956997281596383, 0.0, 9.707063804785837e-05, 0.0011035398851756532, 0.005249477926009184, 0.017032490990099215, 0.050085043245395096, 0.12220512132765403, 0.24552187176032142, 0.41318159659912296, 0.5333039566928767, 0.5054855554207408, 0.34161839744040096, 0.18077916216969864, 0.10187606037963987, 0.09188587388054784, 0.13343168121661864, 0.25465630395030725, 0.4580022607240724, 0.6288474351851363, 0.6168379239655991, 0.45277194147662536, 0.24921225899978974, 0.10975879223690359, 0.04141978580597372, 0.016593544376821426, 0.006612298594391616, 0.0008340411400690991, 0.00013709098882197542, 2.46934079244552e-05, 0.0, 0.0004393723616903062, 0.002797592818475778, 0.012095086650445659, 0.04499181498676998, 0.12141322928042175, 0.25427568486954044, 0.4193213144556509, 0.5266852718722966, 0.4933985579901319, 0.34452583334930054, 0.21389046770591824, 0.16309059287595207, 0.17180225689233483, 0.22683747692975859, 0.34880715938530626, 0.535734554379784, 0.6796869046174662, 0.6294217697935817, 0.44359578594221466, 0.23562024093102693, 0.1038804839056458, 0.042445413731663606, 0.02102430810561115, 0.010311200802110024, 0.0013909200636068127, 0.0001958442697456792, 0.00010345686423521748, 0.0, 0.0001426257181843533, 0.001247868597009969, 0.00925662198437078, 0.04060490334446666, 0.11800937072255904, 0.2512217915067457, 0.4082803808745312, 0.5221765961840207, 0.5188821549681698, 0.4283791119313894, 0.3445407345437363, 0.3208827467584588, 0.3377721862819613, 0.38151953865902166, 0.47553415460202497, 0.6294013338697835, 0.7321297425712349, 0.644932210209028, 0.4357190145627258, 0.23177019803687457, 0.10785101360053329, 0.05279152590359784, 0.02961207933395922, 0.013236092395920475, 0.002439964151983668, 0.0001775370880085831, 1.1495207137246387e-05, 2.9802388874342484e-06, 2.5544904749436415e-06, 0.00049812564261401, 0.007630263048656662, 0.032850747507775266, 0.1042410928110255, 0.22389555539944836, 0.36527893971615544, 0.4841776988724095, 0.5291473749417295, 0.5113523685448594, 0.483874140254303, 0.47738828893842067, 0.48422836293349514, 0.4990516454111815, 0.5587637117598151, 0.6915686913132513, 0.7679752044124696, 0.649613739752776, 0.4187797624749624, 0.22213040248126198, 0.10879149184372484, 0.05816149063034185, 0.03168845434167595, 0.014818599245148069, 0.0036231189902950654, 0.00034570771094237285, 0.0, 1.7029936499624277e-05, 0.0, 7.96149531357435e-05, 0.004891423511104582, 0.022485050908866468, 0.08012542548231992, 0.17044497095331504, 0.27607400358905976, 0.38006560783036647, 0.453361603027925, 0.48263180638665604, 0.4901211467107784, 0.48717922518046686, 0.47817762649517853, 0.4763435023341688, 0.5433533222213041, 0.7050695992217432, 0.7721309346667912, 0.6239044961161173, 0.37433120246252916, 0.1922317944656966, 0.09650098667194609, 0.053704756248390204, 0.029703189494232188, 0.01319947803244629, 0.0030011005596462877, 0.0006909896734722551, 1.7455684912114886e-05, 0.0, 2.7247898399398842e-05, 7.450597218585621e-05, 0.0019839876022062276, 0.013056000817436964, 0.04989984268596173, 0.10454124544183133, 0.16873090784462788, 0.23359410423598376, 0.28997639225052796, 0.32441007235594316, 0.33735452708930863, 0.33358026741257946, 0.32038206662536994, 0.3284917223864909, 0.46314785603743375, 0.6842462443668267, 0.7398268481206519, 0.5561198141182483, 0.31014537179544455, 0.15425929355565937, 0.07638181969128989, 0.042021368312822924, 0.022651944286562736, 0.01036399360525885, 0.002760978455001586, 0.00043979811010279703, 4.3426338074041906e-05, 0.0, 1.788143332460549e-05, 7.493172059834681e-05, 0.0009502704566790346, 0.006270422619161663, 0.024898618659275718, 0.05109108674411045, 0.08131454079840608, 0.10982010000830236, 0.13688237209985527, 0.15578517586602583, 0.16366492748440176, 0.16057527125495766, 0.1550115910005302, 0.2001779628364206, 0.4132131019816471, 0.6569804645341015, 0.686386055888006, 0.47768418408510116, 0.25276640674726053, 0.1225120859330599, 0.060644881120399625, 0.03390745506757692, 0.017726886650871413, 0.007396952918611806, 0.002211763002888703, 9.323890233544293e-05, 0.0, 0.0, 0.0, 9.366465074793353e-05, 0.000657355548885497, 0.0024127162535842695, 0.009406911173979965, 0.01863798825360133, 0.0288883070327252, 0.039922428639244244, 0.04964396789005485, 0.05677695679292246, 0.06127541451929817, 0.06215203050061631, 0.07029915212203659, 0.16518527506540534, 0.42089275184615355, 0.6376702195371782, 0.6208948805882232, 0.41068671090192754, 0.2201838807393555, 0.10917083367925413, 0.05486577216925211, 0.02940133386977635, 0.013757634201221475, 0.005255864152196543, 0.0015343972786161474, 0.00010856584518510477, 0.0, 0.0, 0.0, 8.727842456057443e-05, 0.0004589567886648743, 0.0009042896281300491, 0.003394917841200099, 0.00677536023637552, 0.010762068370937565, 0.014649577125389297, 0.01846130266241771, 0.021987351014664935, 0.025996623815088948, 0.028469796343246888, 0.053170016242302005, 0.19723433831246112, 0.4494000140497007, 0.6208190973707985, 0.5572680575867344, 0.36745792009128087, 0.20537933119181923, 0.10616888162278298, 0.053486773061195036, 0.027763905475337494, 0.012696243408882398, 0.0048773738134923915, 0.0011299362867500707, 0.00013113051104710695, 0.0, 0.0, 0.0, 1.4475446024680635e-05, 0.00011495207137246387, 0.00032569753555531435, 0.0016391313880888367, 0.002744374266914452, 0.005914496946319513, 0.008544344890273992, 0.011453483792822313, 0.015198366829089692, 0.018431500273543375, 0.026262716572895622, 0.07820913187769953, 0.25370305325474146, 0.4795089417810358, 0.592308854928365, 0.5013698455171915, 0.3363442261064668, 0.19857289132133193, 0.10638771630680323, 0.052546294818003346, 0.026481551256915772, 0.011082656925542993, 0.003643129165682123, 0.000636919625085948, 2.086167221203974e-05, 0.0, 0.0, 0.0, 0.0, 0.0, 0.00013623949199699422, 0.0012729877533469145, 0.0023948348202596633, 0.004823729513518578, 0.007749472604154028, 0.010290339129897973, 0.013265043287969847, 0.018419153569581136, 0.036518995829794364, 0.1201427960175493, 0.3039013455778589, 0.4945812870800302, 0.5485427696211518, 0.45634056467012113, 0.31241205634354546, 0.19327870981201126, 0.10839213983280897, 0.05462735305825742, 0.02572371908268248, 0.010981328803370228, 0.002994714333458929, 0.0005407004838630708, 2.7247898399398842e-05, 0.0, 0.0, 0.0, 0.0, 0.0, 0.00010814009677261416, 0.0006305333988985887, 0.0020448696251923848, 0.004002035077411705, 0.007249218219477566, 0.010528758240892715, 0.015458924857533939, 0.02425744155006486, 0.05871836955387968, 0.1594457607166199, 0.3312386511438809, 0.47554820429963673, 0.48996404554656803, 0.40615547054779083, 0.28478013287608, 0.1808983717251967, 0.10375659111761107, 0.05081179578551656, 0.023493648898056704, 0.009899502087231596, 0.0024906282130700507, 0.00032654903238029553, 2.7247898399398842e-05, 0.0, 0.0, 0.0, 0.0, 0.0, 0.00014475446024680635, 0.0004317088902654754, 0.0012606410493846872, 0.003266341820627936, 0.005707157469436587, 0.009522714742177408, 0.016666773103769805, 0.03154412562984163, 0.07374558552114802, 0.16979911061156658, 0.30278333024665766, 0.39521501359202094, 0.3877180097964723, 0.3172996481189377, 0.22255529939692784, 0.14074092996225773, 0.07865957369811478, 0.03826711881148076, 0.016777893439429852, 0.006993769171983199, 0.0015654769127279617, 0.00022905264591994653, 4.172334442407948e-05, 0.0, 0.0, 0.0, 1.532694284966185e-05, 0.0, 0.0001468832023092594, 0.00028567718478119726, 0.0007246237980590131, 0.0016842607198128408, 0.0033536202451885113, 0.0053261126402574955, 0.010547065422629804, 0.025066363533797008, 0.06111107563207687, 0.1284785241857034, 0.20720834637187907, 0.24772937727908534, 0.23567260798576364, 0.1857846862553516, 0.12724385378948044, 0.0771775434742349, 0.04069899374362713, 0.019307264758036558, 0.008256538963430341, 0.0030253682191582524, 0.0006748112337976119, 9.111016027298988e-05, 4.427783489902312e-05, 0.0, 0.0, 0.0, 0.0, 0.0, 0.0, 0.0, 1.1920955549736994e-05, 0.00011367482613499205, 0.0003078161022307088, 0.0005266507862508807, 0.001903095403833013, 0.008079853372246745, 0.026648018886199575, 0.057486679396544275, 0.08850457998854748, 0.09576401616992479, 0.0853851213702288, 0.06479379940012063, 0.04285881544019198, 0.025592588571635377, 0.013612028244149687, 0.005841268219371129, 0.001766004415011037, 0.00031718256730550216, 1.1920955549736994e-05, 0.0, 0.0, 0.0, 0.0, 0.0, 0.0, 0.0, 0.0, 0.0, 1.7455684912114886e-05, 9.919938011031141e-05, 9.025866344800868e-05, 2.1287420624530345e-05, 0.0005577304203626952, 0.0018894714546333134, 0.005131545615749286, 0.009588705746113455, 0.014629566950002242, 0.01441924723423189, 0.012133404007569815, 0.008744872392557071, 0.005038306713413842, 0.0022692390385749346, 0.0011656991533992816, 0.0004925909132516321, 0.0003861538101289805, 5.108980949887283e-05, 0.0, 0.0, 0.0, 0.0][0.0, 0.0, 0.0, 0.0, 0.0, 0.0, 0.0, 0.0, 0.0, 0.0, 0.0, 0.0, 0.0, 0.0, 0.0, 0.0, 0.0, 0.0, 0.0, 0.0, 0.0, 0.0, 0.0, 0.0, 0.0, 0.0, 0.0, 0.0, 0.0, 0.0, 0.0, 0.0, 0.0, 0.0, 0.0, 0.0, 0.0, 0.0, 0.0, 0.0, 0.0, 0.0, 0.0, 3.471097329569121e-05, 9.487666034155598e-05, 4.512426528439857e-05, 0.0, 0.0, 0.0, 0.0, 0.0, 0.0, 0.0, 0.0, 0.0, 0.0, 0.0, 0.0, 0.0, 0.0, 0.0, 0.0, 0.0, 0.0, 0.0, 0.0, 0.0, 0.0, 0.0, 0.0, 0.0, 0.0, 1.7355486647845606e-05, 2.4683358788047084e-05, 8.407769087178537e-05, 4.242452291695592e-06, 0.0, 0.0, 0.0, 0.0, 0.0, 0.0, 0.0, 0.0, 0.0, 0.0, 0.0, 0.0, 0.0, 0.0, 0.0, 0.0, 0.0, 0.0, 3.663936070100739e-05, 0.00013884389318276482, 9.989046759537803e-05, 0.000140772280588081, 3.085419848505885e-05, 0.0, 0.0, 1.5427099242529427e-05, 0.0003023711451535768, 0.0006618225575045125, 0.001361827185634285, 0.0014266210024529088, 0.000990034093889326, 0.0007073325002699744, 0.00021790777680072822, 4.011045803057651e-05, 0.0, 0.0, 0.0, 0.0, 0.0, 3.89534255873868e-05, 0.00010143317751963097, 0.00013961524814489132, 3.2011230928248565e-05, 0.00010104750003856773, 0.0001222597614970457, 0.00013267305348575305, 0.00034479566807053266, 0.0011585751531139597, 0.0016017185788556178, 0.0020078369664152046, 0.00207880162293084, 0.0013838108020548898, 0.0014455191990250073, 0.0018049706113759424, 0.003986748121750668, 0.008858626062541466, 0.01349408370744048, 0.014460591474984965, 0.013227194890544735, 0.008594436988013144, 0.003531648694096047, 0.0009267829869949552, 0.0002638033970472532, 0.0, 0.0, 0.0, 0.0, 5.7080267197358886e-05, 0.00018396815846716342, 0.0005141080822572932, 0.000936039246540473, 0.0013969238364110396, 0.002683929590719057, 0.004242837969176655, 0.005803674735039576, 0.010309544746301363, 0.017478132086823733, 0.025347881087919074, 0.029500470526526906, 0.03044306629024548, 0.031753598370898334, 0.03466199225559622, 0.04275697690563248, 0.05478741457243795, 0.06209021767637046, 0.06397193810647792, 0.05625723145277, 0.041240493050091837, 0.021843229817497433, 0.0066683636475833525, 0.0012303111645917218, 0.0, 0.0, 0.0, 0.00011223214698940157, 0.00012033137409172951, 0.0012353249718455436, 0.0036342389040588704, 0.007429305317721115, 0.012620138535351206, 0.020128893414171345, 0.031129186529056985, 0.04868021165980164, 0.07518821061075895, 0.11103654679810562, 0.15107835423705263, 0.18789821199919793, 0.2158818129927027, 0.23377416269418896, 0.2397290230018048, 0.23226847780811816, 0.20842898134863738, 0.17527305965659262, 0.14198832168587383, 0.10986755835300308, 0.07796316008700907, 0.04473048857623316, 0.017677141667052358, 0.00436586908563583, 0.0003089276623316518, 0.0, 7.482143132626772e-05, 0.0003594514123509357, 0.0015211119853134013, 0.00596411656716188, 0.015248144891316085, 0.031620153962450465, 0.053434457968868185, 0.08056956850403435, 0.1195314789960043, 0.1799281868530253, 0.2655312321624156, 0.36400742043473544, 0.44714212986532237, 0.4932888261520224, 0.5096118541830611, 0.5181426543867018, 0.5232490242359782, 0.5140409743755903, 0.46306829576834885, 0.364439764891007, 0.2617917033060274, 0.1738487527190265, 0.11360862991931661, 0.06264790731398799, 0.028018697644281994, 0.006247589515743355, 0.00032666882646056064, 2.044090649635149e-05, 0.00010528995233026334, 0.0009310254392866508, 0.005191218895111152, 0.013576233010906966, 0.03183690470680804, 0.06253798923188483, 0.10634593727341472, 0.16107472886873112, 0.24788725875873527, 0.37763880532543476, 0.5303073078169149, 0.6524664074914107, 0.6876139676956664, 0.6589268909767005, 0.61530098270623, 0.6024949476250062, 0.6292528655836928, 0.6598822140972938, 0.6189691612286199, 0.49162038536894287, 0.3373505499760894, 0.2040341864519219, 0.11457050955708832, 0.060557149689144066, 0.02669350981934869, 0.005858055259869487, 0.00041768871199148426, 7.096465651563536e-05, 8.330633590965891e-05, 0.0012110272905385597, 0.007288918714614096, 0.018934835932799585, 0.04298876907175149, 0.08229470387683026, 0.14091151015874498, 0.22726431249132237, 0.36893560728776215, 0.5512750497524015, 0.7016641983308, 0.7314782246494339, 0.6447651995495364, 0.5332723962913294, 0.4619722003671662, 0.46956888971166916, 0.5600503694790314, 0.6576792243254607, 0.6421788463615286, 0.5027410098579193, 0.32599967603091673, 0.18012218262600074, 0.08739104611159969, 0.03934681661807137, 0.016882646056062094, 0.00396090773051943, 0.0003575230249456195, 8.253498094753244e-05, 2.3912003825920616e-05, 0.001394224094043597, 0.007184785794727021, 0.019333626448218996, 0.041018728498480504, 0.08058730966816331, 0.14643479736505152, 0.26746733311735416, 0.449826830811003, 0.6300010798969551, 0.681530291109375, 0.5694246463337567, 0.3998060042270258, 0.2828832477129316, 0.2492186174233652, 0.32007104179201096, 0.49211096712485325, 0.6407194427731853, 0.6207691180327436, 0.455910507397295, 0.2675780225544198, 0.12830255627034465, 0.05155890837845773, 0.020683883309421367, 0.008635704478486918, 0.0019457428919640238, 0.00019939525770969283, 8.87058206445442e-06, 3.162555344718533e-05, 0.0013934527390814706, 0.005104055784390862, 0.014779161074343206, 0.03272550562317773, 0.07047060366239344, 0.14918043535274056, 0.30358757192884916, 0.5045301676925732, 0.6183038675737886, 0.5422849076688177, 0.3424291510467292, 0.18346330664445124, 0.11974977245028601, 0.14759684361549463, 0.3027861341231992, 0.5406291942426121, 0.6719570046744231, 0.5849709199179332, 0.38018890483022605, 0.19091228151370684, 0.07931688804554093, 0.02728282501041336, 0.009263201740176807, 0.0031278443714228403, 0.0006456241032998565, 4.31958778790824e-05, 0.0, 0.0, 0.0006606655250613227, 0.0027417812128785416, 0.00903603770383055, 0.024280711497817097, 0.06569630212431167, 0.16635465358448664, 0.34102065688588684, 0.5188854692152303, 0.5511281066321206, 0.40310354669011694, 0.2158748707980435, 0.12139700097190702, 0.11595586306906694, 0.2044345196772646, 0.43375526449761703, 0.663899045062568, 0.6932494870489623, 0.5119336326190619, 0.2806710016815538, 0.12078068835716839, 0.044424646333749915, 0.014769519137316637, 0.004548294534178739, 0.0010363153916169144, 0.0001373011832585119, 0.0, 0.0, 0.0, 0.00010991808210302218, 0.0013302016321870998, 0.006380262569229112, 0.022693648663241868, 0.07216064238441239, 0.18368931364835459, 0.3537823390567893, 0.4915058391570685, 0.4831296956233373, 0.3540222304500096, 0.2436451921445209, 0.20939780318106807, 0.23847634254331143, 0.37814365714814707, 0.6234738742074404, 0.761682942256382, 0.6524583082643063, 0.40368360562163713, 0.19112903225806424, 0.076719735888061, 0.028638095678869536, 0.010774286110982573, 0.0038922571388901755, 0.0009398960213511053, 0.00016429860693293843, 0.0, 0.0, 0.0, 6.633652674287654e-05, 0.0006031995803829006, 0.005584224248314594, 0.026194828836333936, 0.08304908902978989, 0.18780564940374306, 0.3299301152404328, 0.43105706484010053, 0.43778675120717325, 0.39100715817404974, 0.35926320174017906, 0.3541255920149349, 0.4039809629595352, 0.5753255117940241, 0.7710340784622403, 0.7771489949245003, 0.5565800435044257, 0.2918541059224644, 0.12994824208204084, 0.057220653800465926, 0.0262708073001034, 0.011815229632372233, 0.004712593141111678, 0.0012947193039292819, 4.898104009503093e-05, 0.0, 0.0, 0.0, 7.829252865583684e-05, 0.0007667268323537126, 0.006085604973696796, 0.031378334181823835, 0.08504072754200045, 0.1669798367812903, 0.2695469060952477, 0.35008407769087246, 0.384867558353005, 0.39826753675506704, 0.40450934110859377, 0.4230750836920169, 0.5127998642415295, 0.7152928834791287, 0.8334540503849094, 0.7077667731136629, 0.42250080992271016, 0.19534063035127497, 0.08713032813440096, 0.0449082858950032, 0.024704571049505596, 0.012322395519970388, 0.005021906480924392, 0.0013884389318276483, 9.487666034155598e-05, 2.314064886379414e-06, 0.0, 0.0, 2.931148856080591e-05, 0.0008627605251384583, 0.006348251338300862, 0.02974768979188845, 0.07057165116243215, 0.1237141512781352, 0.1855613921414361, 0.23897888030113798, 0.2776769873960604, 0.3027128554017997, 0.32930068959133674, 0.39220892920504163, 0.5765754925101467, 0.8011851868993218, 0.8138408077629321, 0.56419524536802, 0.26988013143888484, 0.11023549466993714, 0.050664522299872075, 0.029070440135141404, 0.016735702935776996, 0.008032890575585079, 0.0037140741426389596, 0.0008824300766726832, 0.00010876104965983246, 4.242452291695592e-06, 0.0, 0.0, 4.1653167954829456e-05, 0.0007771401243424199, 0.00496444053624597, 0.02064608691627716, 0.04417048487372931, 0.07119914842412184, 0.09842797858718633, 0.1244766356581972, 0.14864125823421476, 0.17860955554527064, 0.23364457506055125, 0.38480392156862736, 0.6604607303188847, 0.8365221147467717, 0.70492857253052, 0.3831185109763801, 0.14218116042640477, 0.04925757084895343, 0.021844772527421716, 0.012661791703306025, 0.0067964085712963465, 0.003373520926860122, 0.0018153839033646494, 0.0005006093704200799, 0.0001168602767621604, 4.242452291695592e-06, 4.281020039801916e-05, 0.0, 0.00023179216611900465, 0.0008369201339072215, 0.0039801916045725935, 0.01302779963283505, 0.02500077135496214, 0.03520502614893329, 0.04489324447324173, 0.05627304422949359, 0.07525647552490716, 0.12340522361580339, 0.23615572113975317, 0.47343839187917525, 0.7512453525863679, 0.7926925687663096, 0.5390668147668242, 0.226383039447092, 0.06645724379444934, 0.01807786056987708, 0.007610188056339772, 0.004891547492325019, 0.0033866339612162732, 0.0018373675197852545, 0.001131963406920597, 0.00035366625013498714, 8.407769087178537e-05, 1.5427099242529427e-06, 0.0, 7.636414125052067e-05, 0.0002171364218386017, 0.00057928757655698, 0.0038089508029805147, 0.012181237561901245, 0.02287376004689841, 0.02982251122321475, 0.033227657703522054, 0.043956433871739135, 0.07726469816880344, 0.15917758133938073, 0.3351552737538749, 0.5970437821076547, 0.7842026503756677, 0.6747126702766165, 0.36988707363354484, 0.12610882275805677, 0.03355008407769092, 0.008527329106308146, 0.004475401490257788, 0.0032146218046620683, 0.0024556085219296217, 0.0014038660310701778, 0.0007073325002699744, 0.0002688172043010752, 5.978000956480153e-05, 0.0, 0.0, 1.696980916678237e-05, 0.0001049042748492001, 0.0006625939124666389, 0.0033669644096820475, 0.012379090109686675, 0.029370497215408596, 0.04099327378473033, 0.04922633097298721, 0.07197898829083177, 0.13640911124481242, 0.2617481217506669, 0.4711748507428176, 0.6953475725459473, 0.7346708628376755, 0.523744619799144, 0.2317154163002722, 0.07196703228891872, 0.020413909072677087, 0.0065607596303667, 0.0036650931025439273, 0.0028594128446028286, 0.0022176455161136044, 0.0014393483593279958, 0.0004593418799463137, 0.00025107604017216646, 6.633652674287653e-05, 1.9283874053161782e-05, 0.0, 0.0, 0.00012958763363724718, 0.0007786828342666729, 0.002838586260625414, 0.010704864164391169, 0.02932074482035148, 0.05111615063019713, 0.07653191095478318, 0.12954443775936822, 0.2315719442773177, 0.39251400009256265, 0.5912069391092459, 0.7183555483562561, 0.6245425865074659, 0.37125931411116714, 0.13647776183644164, 0.042603477268169404, 0.014949244843492098, 0.005450008484904583, 0.0033442094382993164, 0.0028177596766479998, 0.0021798491229694074, 0.0012738927199518672, 0.0005669458971629565, 0.000322426374168865, 9.024853056879714e-05, 0.0, 0.0, 0.0, 0.0002846299810246679, 0.0007478286357816141, 0.0022986377871368844, 0.007925672235849496, 0.025010413291988737, 0.053985591089307554, 0.10698886163434691, 0.19408833557026317, 0.3278786967186566, 0.4964911062772905, 0.6458863639869865, 0.6619575446228938, 0.4942329646256632, 0.24738934913068206, 0.08184346122398621, 0.027688943397972916, 0.010761558754107468, 0.004760031471282454, 0.0028316440659662758, 0.002080730010336156, 0.001778358865182579, 0.0009865629965597569, 0.0004898104009503092, 0.00022137887413029727, 6.942194659138242e-06, 0.0, 0.0, 0.0, 0.00017972570617546784, 0.0003980191604572592, 0.002022492710695608, 0.006893984974005341, 0.02338362567686404, 0.06269187454682905, 0.13346562070933832, 0.24133498403295264, 0.38487604325758934, 0.5349952175992398, 0.6182128476882589, 0.5593951034387068, 0.3661799416855654, 0.16093048549081282, 0.050080992271023354, 0.016614985884204223, 0.006033538513753261, 0.0031714259267829857, 0.0021786920905262183, 0.0015970904490828588, 0.001261551040557844, 0.0008901436262939479, 0.0004134462596997887, 0.00017046944662995017, 0.0, 0.0, 0.0, 0.0, 8.369201339072214e-05, 0.00018203977106184726, 0.0017205072430230939, 0.007103793523703744, 0.02534903812036228, 0.06794595887135346, 0.14220391539778798, 0.24810285247065045, 0.3756398389410864, 0.47958300550747723, 0.5055225158513498, 0.4151868221718288, 0.2480669844649108, 0.09676455161136077, 0.027619907128862614, 0.008066058838956518, 0.0031070177874454245, 0.0017016090464509954, 0.0013201740176794557, 0.0011072800481325496, 0.0008392341987936008, 0.000648323845667299, 0.00038413477113898275, 0.00020170932259607225, 0.0, 0.0, 0.0, 0.0, 6.170839697011771e-06, 6.402246185649713e-05, 0.001234553616883417, 0.007130019592416044, 0.024301538081794496, 0.05805410283704367, 0.11664044059795492, 0.1919027012850777, 0.2734511192360514, 0.3225343638635638, 0.3181800651023599, 0.24529280634362396, 0.13348297619598595, 0.04727056046651557, 0.011907406550346354, 0.0029963283503802772, 0.00086777433239228, 0.00045394239521142835, 0.00044352910322272097, 0.000443529103222721, 0.0004639700097190726, 0.00017741164128908841, 9.83477576711251e-05, 0.0, 0.0, 0.0, 0.0, 0.0, 0.0, 0.0, 0.000669536107125777, 0.0034660835223152995, 0.011986856111445376, 0.027041776584748812, 0.05248144891316095, 0.0794989278166026, 0.10872942410638567, 0.1287630551827342, 0.12228135943598524, 0.08795837768624386, 0.044129217383255516, 0.013627913793369443, 0.003395118865799661, 0.0008342203915397786, 0.00022215022909242375, 0.0, 9.641937026580891e-06, 8.137794850434274e-05, 0.00011107511454621187, 7.597846376945742e-05, 1.157032443189707e-06, 2.2754971382730908e-05, 0.0, 0.0, 0.0, 0.0, 0.0, 0.0, 5.8622977121611835e-05, 0.0003606084447941254, 0.00094760957097237, 0.0019742830255627033, 0.0028852532358340645, 0.0045332531124172735, 0.007179771987473197, 0.008175976921059534, 0.007477900680335074, 0.00489270452476821, 0.0025998518998472716, 0.0005630891223523241, 9.564801530368245e-05, 4.628129772758828e-06, 0.0, 0.0, 0.0, 0.0, 0.0, 0.0, 0.0, 0.0, 0.0, 0.0][0.0, 0.0, 0.0, 0.0, 0.0, 0.0, 0.0, 0.0, 0.0, 0.0, 0.0, 0.0, 7.364448126668507e-05, 0.00016125601932532766, 0.0, 0.0, 0.0, 0.0, 0.0, 0.0, 0.0, 0.0, 0.0, 0.0, 0.0, 0.0, 0.0, 0.0, 0.0, 0.0, 0.0, 0.0, 1.015785948506001e-05, 3.491764197989379e-05, 0.0002812457344925991, 0.0007961222371415782, 0.0012500515828801975, 0.002204890374475838, 0.004039018877746987, 0.005537303151793338, 0.006386754151231484, 0.006469921625765411, 0.006482618950121735, 0.0055899970478720876, 0.005541747215318053, 0.005235741698330619, 0.003679684598462989, 0.00256358978754202, 0.001975703669844172, 0.0006532773381329219, 0.0003707618712046904, 0.00013459163817704516, 0.0, 0.0, 0.0, 0.0, 0.0, 0.0, 4.063143794024004e-05, 2.666438114828253e-05, 0.0002647392128293765, 0.0001803020058598152, 0.0014792382875118634, 0.003903792373352126, 0.007467931320172558, 0.015026013643275025, 0.02637488215295834, 0.04080983534744645, 0.06079097982077734, 0.08400041901170391, 0.10702574699946352, 0.12239839759766617, 0.12851914280363272, 0.11790735397283414, 0.09757131928374398, 0.07078948788516541, 0.04107901862380054, 0.02039126805004016, 0.00887098566154647, 0.00263279020528399, 0.0009453157983283972, 0.00025013728981960277, 0.0, 0.0, 0.0, 0.0, 8.951613671209136e-05, 0.0002044269221368327, 0.0002469629587305215, 0.0011668841083462688, 0.004273284512121182, 0.011028261069686098, 0.02072774714548279, 0.03903220993756099, 0.06619496106682929, 0.10104911642494148, 0.1423604960844628, 0.19394909007799344, 0.25582124706771225, 0.299566703806341, 0.30577252108549446, 0.2787138880159484, 0.22809092553971622, 0.15787281725058536, 0.08948248880254721, 0.04312011351407979, 0.01774070159065733, 0.005172889942766809, 0.0016119253270354603, 0.0003974262523529729, 2.9838712237363784e-05, 0.0, 0.0, 0.0, 1.3967056791957515e-05, 0.0001428448990086564, 0.00042028143619435787, 0.0033025740650801353, 0.009117313754059178, 0.019779257016065307, 0.03766280350573132, 0.06873696540296567, 0.11016896964387209, 0.16136013738504984, 0.2293612928415665, 0.3128811181263836, 0.38895459754243383, 0.42695324527739115, 0.411330457389369, 0.348162538449086, 0.2647436568929017, 0.16974481552374945, 0.09068809975018047, 0.04346611560278962, 0.018881556184073115, 0.007391747374034605, 0.002967999568290972, 0.0006583562678754521, 9.52299326724376e-06, 0.0, 0.0, 0.0, 0.00020061772482993522, 0.0003396534265316941, 0.00153066245115498, 0.006177248299352121, 0.01461652493278355, 0.030222171432924827, 0.05744079078936105, 0.09864805238916058, 0.15277992045126323, 0.2219251048322843, 0.31901138632561743, 0.4177521291825803, 0.4827852850708054, 0.483079862995872, 0.42364622714878514, 0.3207712354814045, 0.21406800052059133, 0.1209413796277781, 0.059850108085973616, 0.027898561075717372, 0.013946106206769582, 0.0077428283924869945, 0.004004101235767092, 0.0010945093595152158, 0.0001904598653448752, 0.0, 0.0, 0.0, 8.951613671209136e-05, 0.000562491468985198, 0.0024753433832655613, 0.009354753719522456, 0.021297222142863965, 0.04254873391804517, 0.0769394369371516, 0.13205471277065195, 0.199715579934419, 0.2969859726309182, 0.408907173035964, 0.49743672764556973, 0.5263961501712587, 0.4751135616947128, 0.3640253057674432, 0.2392188606055995, 0.13634196433956483, 0.066921882886229, 0.032257552527243785, 0.018354617223285633, 0.01173042310659087, 0.008364997285946923, 0.005087183003361614, 0.0022188574312677965, 0.0003548902157592841, 0.00013078244087014765, 0.0, 0.0, 1.2062458138508762e-05, 0.0008285004142502072, 0.002850549317994964, 0.010903827290994102, 0.02576921978116165, 0.0516044656489762, 0.09631618877112147, 0.16303237500277792, 0.2518419056144399, 0.3738003409231602, 0.4834633221914337, 0.5469213749932584, 0.5225710812089137, 0.41553073228644105, 0.2799633047326107, 0.16047894307472096, 0.07958301986813848, 0.03952486612258638, 0.02218413024915327, 0.014774606621019796, 0.012051665412805888, 0.009501407815838012, 0.005237646296984067, 0.0026575499877788252, 0.0007415237424093807, 0.00012443377869198513, 0.0, 0.0, 0.00012125944760290388, 0.0006158202312817632, 0.0029984731467461515, 0.010282293263752003, 0.027882689420271948, 0.06206007739019209, 0.11598434419906896, 0.197483390312577, 0.3120888050865488, 0.4455529208607539, 0.5407479358912123, 0.5548756138362784, 0.46302697863992875, 0.3176388055626986, 0.19289457729020093, 0.10680290895701021, 0.06130776092207983, 0.038980150907700024, 0.024165547714957786, 0.015950378856415495, 0.013011583134144068, 0.009779479219241527, 0.005558253736981275, 0.002593428499779384, 0.0008742107819329771, 0.0, 0.0, 0.0, 6.0312290692543815e-05, 0.0006653397962714307, 0.0029965685480927034, 0.010827008478638347, 0.032034079618572416, 0.07346862332435018, 0.14037209509026244, 0.24180847990807172, 0.3834871296746006, 0.5165855625073431, 0.578617705783952, 0.516269399130872, 0.3579331295412784, 0.2169255333669817, 0.13299050557571268, 0.09066968862986366, 0.07242490326226024, 0.061442352560256895, 0.0455148288876827, 0.030872274439968633, 0.01990178619610383, 0.01173359743767995, 0.005530954489615177, 0.002445504671028197, 0.0008297701466858397, 5.650309338564631e-05, 0.0, 0.0, 8.824640427645884e-05, 0.0005834420541731344, 0.0025623200551063876, 0.011727248775501785, 0.038646846143346486, 0.0879683328730557, 0.17240807930748878, 0.3030673561313793, 0.46331901710012374, 0.5819799572735069, 0.5755163843099196, 0.4263374250461094, 0.2491475333860277, 0.14951607322546984, 0.11969196291111572, 0.11975164033559067, 0.12220920746475729, 0.11627765239169996, 0.09452078710713707, 0.06553723966517168, 0.040826341869109675, 0.01826129188926666, 0.0074450761363311765, 0.0029952988156570705, 0.0012487818504445653, 0.00021331504918626023, 0.0, 0.0, 0.0, 0.0006634351976179819, 0.0022118739028718173, 0.012749383386185954, 0.045138988086735506, 0.10471229450174158, 0.21479936640351527, 0.38159967240903314, 0.5463449164674797, 0.6195443565154788, 0.5196259368244655, 0.3271789402178239, 0.18672494738546233, 0.15312274820888389, 0.1790297339593123, 0.21227767778634912, 0.23184806381675294, 0.22474898976913163, 0.1843295971456418, 0.12829566989496183, 0.07677627631917282, 0.03677906973053107, 0.012873182298660121, 0.0038022137785015254, 0.0012589397099296254, 0.00015173302605808392, 0.0, 1.015785948506001e-05, 0.0, 0.00037838026581848543, 0.0022880578490097675, 0.014460347843200745, 0.05288308621165818, 0.12943906395324883, 0.271583705523654, 0.4647754002037927, 0.6149003101321506, 0.6145219298663327, 0.44123329111473103, 0.26371136442273213, 0.20679624286172346, 0.25179556038053896, 0.3230021553708103, 0.380311528853083, 0.4007231126220933, 0.3787516625559094, 0.3144422541559933, 0.21993733870430157, 0.13192393032978186, 0.06406561977227365, 0.025020712510356244, 0.0054477870150812435, 0.0010310227377335912, 9.64996651080701e-05, 0.0, 3.999657172242379e-05, 0.0, 0.00034028829274951035, 0.0016963625340050217, 0.01563675494481426, 0.06254638491303942, 0.16521377532719464, 0.343204233287941, 0.5448936122935515, 0.6564700803423256, 0.5772755985994878, 0.38514730483418924, 0.2810825738746205, 0.3223603056245984, 0.42023318636180584, 0.5035562031191013, 0.5491459462204867, 0.5499084205480831, 0.5104191069336942, 0.42510070565380265, 0.30705939490900863, 0.1893278988785091, 0.09744371117396301, 0.04140407012732246, 0.009027162751129273, 0.00107863770406981, 2.602951493046628e-05, 0.0, 0.0, 0.0, 0.00018347633694889643, 0.0017223920489354877, 0.018727918559361605, 0.07974110155637476, 0.2115006015357416, 0.41237671691632916, 0.6153821735914754, 0.6707107644741612, 0.5376662952699327, 0.38196472048427677, 0.3721858761312534, 0.46927279249080345, 0.5642037031746527, 0.6033152713894406, 0.6028327730638996, 0.5901329092427032, 0.5691429623492608, 0.49924101743660343, 0.37158592755541797, 0.23685461881045197, 0.12667168210978763, 0.05643198836925097, 0.0145168509365864, 0.001839207433013678, 3.237817710862879e-05, 0.0, 0.0, 0.0, 0.0003415580251851428, 0.002526132680690861, 0.023436721296904744, 0.09966891726740891, 0.25223869700057544, 0.4700828817847381, 0.6578623419579975, 0.6686093572931879, 0.5242458582915139, 0.426822462836519, 0.47147831773149784, 0.5591393753551325, 0.585442517625477, 0.5457284613699809, 0.5133471099302611, 0.5300790091008097, 0.5664708104384739, 0.5374212369098552, 0.4174658045183442, 0.27060220235091087, 0.14621921295635007, 0.0646141441844669, 0.02025794614429875, 0.0026645335161748045, 0.00019236446399832397, 0.0, 0.0, 0.0, 0.0004177419713230929, 0.004081554914340675, 0.0294400162525752, 0.1152117120119866, 0.28068133842496173, 0.5054347722576192, 0.6787570589187653, 0.670069549594164, 0.5451602561050344, 0.48611642811568706, 0.521860031044961, 0.543041072669966, 0.4916334155485105, 0.4135874067937043, 0.40526304094569815, 0.49155659673615554, 0.5836744152088582, 0.5650499798430013, 0.43049516390658776, 0.27753748091433533, 0.14639189656759619, 0.06671936056274556, 0.023920489354880687, 0.002639138867462154, 0.00024632809251270526, 0.0, 0.0, 0.0, 0.0006304221542915369, 0.005576029991080129, 0.032733702190605916, 0.11881394293187557, 0.2845686242766505, 0.5106755928856923, 0.6888882540226781, 0.7035396965974401, 0.6107971697664049, 0.5393429769511844, 0.5222206350566811, 0.48489304091395485, 0.409901373533063, 0.3688744139391238, 0.42988886666857085, 0.564995381348268, 0.6415177111803152, 0.568303669209309, 0.40517098534411516, 0.24504439302028097, 0.12519879248445412, 0.057381748231104125, 0.020490942046237307, 0.0027204017433426343, 0.00017839740720636645, 0.0, 0.0, 0.0, 0.0007739019195180097, 0.005459849473219755, 0.029708564662711476, 0.1045770679973465, 0.25857783618547064, 0.47557891863237295, 0.6776371549105362, 0.7566983147476316, 0.7092903147984231, 0.6157396032721044, 0.5523113891825183, 0.5033924076349034, 0.4710129607938384, 0.5037022223491969, 0.6015643103607036, 0.6912601142124393, 0.6578223453862745, 0.5062626378056515, 0.33023899538769763, 0.18479051001977634, 0.09197941763721865, 0.041562786681776584, 0.014687629949178974, 0.0019547530846562356, 0.0002844200655816803, 0.0, 0.0, 2.2855183841385024e-05, 0.0007859643776565184, 0.004774193957978204, 0.020428090290673516, 0.07245601170693328, 0.1928196630764989, 0.3893577375907472, 0.6107374923419305, 0.7704292013065625, 0.8007173988261409, 0.7475257676326219, 0.687697244998053, 0.6542905846165614, 0.6629584130884061, 0.7087722639646834, 0.7428302970856555, 0.6947518784104293, 0.5494284616874144, 0.3717332165179499, 0.21854825141972004, 0.11480984169610876, 0.05665228694683319, 0.02474962463534873, 0.00933189853568107, 0.0016112904608176438, 0.00015808168823624642, 0.0, 0.0, 4.3805769029321294e-05, 0.0004742450647087392, 0.0031940119418335557, 0.010321020103038798, 0.036447034698613205, 0.10869163595501367, 0.24844092728559825, 0.4539045859561251, 0.6576020468086903, 0.7910261660111771, 0.8336466398118363, 0.8288533998673235, 0.8141759277776299, 0.79693804023148, 0.7604579924895394, 0.6723131668079309, 0.5230434216749692, 0.35043916870617464, 0.2065759442841408, 0.10921603545092956, 0.053583978516127326, 0.02713926107920908, 0.01204214241953865, 0.004950051900313307, 0.0008431023372599809, 0.0, 0.0, 0.0, 1.5871655445406268e-05, 7.745367857358257e-05, 0.001117364543356601, 0.003911410767965919, 0.013111257130341208, 0.04042510641944983, 0.10710320067803715, 0.23138524634396448, 0.39839569306757844, 0.5579877280360112, 0.6694359531087857, 0.7187783904236849, 0.7080935919778354, 0.6423785897716724, 0.5344335564888103, 0.3955299069603568, 0.2565653102749917, 0.15131084002323622, 0.08024264586844945, 0.04092982506261375, 0.020740444469839085, 0.011187612490357974, 0.0054617540718732045, 0.002180765458198821, 0.00038536379421446405, 0.0, 0.0, 0.0, 0.0, 3.174331089081253e-06, 0.0003085449818586978, 0.0008532601967450409, 0.0025775568443339772, 0.007512371955419698, 0.020400156177089596, 0.0491627701752549, 0.10594520469674018, 0.17469232795919126, 0.23738346236989283, 0.27624806762594994, 0.2786167534846228, 0.24023909061762982, 0.17873706063289815, 0.11779434778606304, 0.06994702041412333, 0.04021433083513486, 0.022413951820002723, 0.012667485644087652, 0.007595539429953626, 0.004436445130099959, 0.0019045986534487519, 0.000688829846330632, 0.00022537750732476902, 0.0, 0.0, 0.0, 0.0, 0.0, 5.332876229656506e-05, 0.0002095058518793627, 0.00047678452958000426, 0.0014354325184825426, 0.002710243883857574, 0.004858631164947767, 0.00926460271659255, 0.01721185803121639, 0.0260809390941094, 0.034125328940059124, 0.03648703127033557, 0.0317871166598419, 0.024289981493649762, 0.017335022077472735, 0.011384421017881008, 0.008354204560244044, 0.006779101473841928, 0.0040155288276877855, 0.0023813831830287557, 0.0011237132055347636, 0.000764378926250766, 0.000245693226294889, 3.682224063334254e-05, 0.0, 0.0, 0.0, 0.0, 0.0, 0.0, 0.0, 0.0, 3.6822240633342544e-05, 0.00037330133607595546, 0.0008107241601513521, 0.0009154770860910333, 0.0012475121180089324, 0.0022601237354258523, 0.0032295644500312673, 0.003686668126858967, 0.0029457792506674026, 0.0023794785843753072, 0.0016785862799061665, 0.0010672101121491171, 0.0016208134540848878, 0.0014195608630371364, 0.0009961050957536972, 0.0005929650474403781, 0.00014601923009773763, 2.031571897012002e-05, 2.5394648712650025e-06, 0.0, 0.0, 0.0, 0.0, 0.0, 0.0, 0.0, 0.0, 0.0, 0.0, 7.681881235576632e-05, 7.808854479139883e-05, 5.713795960346256e-06, 0.0, 0.0, 0.0, 0.00014728896253337015, 0.00010729239081094636, 1.2697324356325013e-05, 0.0, 0.0, 0.0001479238287511864, 0.0003098147142943303, 9.64996651080701e-05, 0.0, 0.0, 0.0, 0.0, 0.0, 0.0, 0.0, 0.0, 0.0, 0.0, 0.0, 0.0, 0.0, 0.0, 0.0, 0.0, 0.0, 0.0, 0.0, 0.0, 0.0, 0.0, 0.0, 0.0, 0.0, 0.0, 9.396020023680511e-05, 6.285175556380882e-05, 0.0, 0.0, 0.0, 0.0, 0.0, 0.0, 0.0, 0.0, 0.0, 0.0, 0.0, 0.0, 0.0, 0.0, 0.0, 0.0, 0.0, 0.0, 0.0, 0.0, 0.0, 0.0, 0.0, 0.0, 0.0, 0.0, 0.0, 0.0, 0.0, 0.0, 0.0, 0.0, 0.0, 0.0][0.0, 0.0, 0.0, 0.0, 0.0, 0.0, 0.0, 0.0, 0.0, 0.0, 0.0, 0.0, 0.0, 0.0, 0.0, 0.0, 0.0, 0.0, 0.0, 0.0, 0.0, 0.0, 0.0, 0.0, 0.0, 0.0, 0.0, 0.0, 0.0, 0.0, 0.0, 0.0, 0.0, 0.0, 0.0, 0.0, 0.0, 0.0, 0.0, 0.0, 0.0, 0.0, 0.0, 0.0, 0.0, 0.0, 0.0, 0.0, 0.0, 0.0, 0.0, 0.0, 0.0, 0.0, 0.0, 0.0, 0.0, 0.0, 0.0, 0.0, 0.0, 0.0, 0.0, 0.0, 0.0, 0.0, 0.0, 0.0, 0.0, 0.0, 0.0, 0.0, 0.0, 0.0, 0.0, 0.0, 0.0, 0.0, 0.0, 0.0, 0.0, 0.0, 0.0, 0.0, 0.0, 0.0, 0.0, 0.0, 6.664667266486721e-06, 0.00013603762008652308, 0.0002971657522351137, 0.0006743075116680682, 0.0013799781634137207, 0.0026780201233747524, 0.004353987921270679, 0.006017018423884602, 0.007170397900237774, 0.007882341179998942, 0.007931346086370175, 0.007321725051112121, 0.0058892136280684435, 0.004792679843105893, 0.003460138429059518, 0.002453381632569053, 0.0019147197017365379, 0.0016108892822349374, 0.0007805501486808858, 0.00021954198054309194, 4.469247461055801e-05, 0.0, 0.0, 0.0, 0.0, 1.489749153685267e-05, 3.253925783049399e-05, 5.56695736377126e-05, 0.0008001521112293761, 0.0037051629609156467, 0.009607705923517076, 0.021256760226833957, 0.04022401122800416, 0.06780397253373006, 0.10541386603626758, 0.14361417065076532, 0.17848723814228273, 0.2055101116723807, 0.21539890973884374, 0.2045711776663076, 0.1745123521766993, 0.132321872065831, 0.09309246441753762, 0.06346880249650591, 0.04342344355516874, 0.029991786777692216, 0.019461220457392216, 0.011178607202153083, 0.004179530454589114, 0.0008401401148282965, 7.370337918232373e-05, 0.0, 0.0, 0.0, 3.528353258728263e-05, 0.0008123053280094401, 0.005514816143392284, 0.018557962023157792, 0.0432356567539543, 0.08527637787095255, 0.1503823362795087, 0.2371022026725311, 0.33787981252682964, 0.4473505007321335, 0.5434506902831163, 0.613566910319071, 0.6387009387379985, 0.6212704816006299, 0.5560433830635186, 0.45396969144550914, 0.3356538136598214, 0.2343975238800903, 0.15604887161302622, 0.09954543048850065, 0.06163405880196737, 0.03619071141402685, 0.016645594556927046, 0.004154831981778015, 0.0008209301915307761, 7.056706517456527e-06, 0.0, 1.5681570038792283e-06, 0.00012349236405548924, 0.0031461149890327023, 0.015399301778094045, 0.04074424731404109, 0.08967270603132804, 0.16845299351371118, 0.27723330059805673, 0.4054285675081805, 0.5425333184358447, 0.6601266678819979, 0.7356502853065784, 0.7724737480716725, 0.7828149594337551, 0.7728846052066888, 0.7358137656742336, 0.6503374477852816, 0.5192842147355833, 0.3732786046538986, 0.2450010095010716, 0.14965706366521458, 0.08824450704004501, 0.05077927602111531, 0.024623201274911674, 0.007954476402177389, 0.001476419819152293, 2.1170119552369583e-05, 0.0, 5.841384839450125e-05, 0.0003187279110384532, 0.005571661834782904, 0.02431153007039068, 0.05905287237358214, 0.12374444529386303, 0.21728579465376147, 0.33487404758964545, 0.4639125909286062, 0.5731578565646055, 0.6329058145301589, 0.635726536940886, 0.6138370253629869, 0.6003214721858003, 0.6160340133254212, 0.6342536454749933, 0.6151762314442996, 0.5344784799854208, 0.4010710512336508, 0.2584577567906103, 0.14952102604512765, 0.08032296193494912, 0.04342971618318429, 0.021669577558105127, 0.006816778495863006, 0.0012204181882690096, 0.0, 0.0, 7.21352221784445e-05, 0.0002959896344822044, 0.007099438795812238, 0.02718674593700324, 0.060620245298959465, 0.12272631935909428, 0.20948421355946184, 0.3132946390592642, 0.41332227782645786, 0.4757110121865427, 0.47200624126487906, 0.417791917326763, 0.364215049210727, 0.3502145434800934, 0.3935376249870149, 0.4597726564383638, 0.4986888247251339, 0.4702797004036065, 0.3634556691815997, 0.22376267511903325, 0.11881886414467828, 0.05811001797499975, 0.028247604150127587, 0.012843205861770884, 0.004260682579539864, 0.0005312131850640886, 6.860686891971624e-05, 0.0, 8.272028195462929e-05, 0.00023875190384061256, 0.005255678198501234, 0.0208039548919638, 0.04928913482817909, 0.10105830995799325, 0.1742006809721792, 0.26466491425121563, 0.34364082931983225, 0.379545352080652, 0.3489172855986348, 0.27568278536047075, 0.22442247717841515, 0.23685012143415796, 0.30549031369020796, 0.39288213535939376, 0.4468965192795135, 0.42127793034638916, 0.3138368293433542, 0.1803984294907608, 0.08647797817517502, 0.03830145074124823, 0.017032929336885213, 0.006669371737498357, 0.00239810409818231, 0.0002658026121575292, 4.43004353595882e-05, 0.0, 4.116412135182974e-05, 0.00019366738997908474, 0.0036185222864513196, 0.013557893416288845, 0.034315195637387275, 0.07575492058264895, 0.14157321431021705, 0.22701934517683958, 0.30942677980919536, 0.3514063428030422, 0.3309834500630207, 0.2746572106799333, 0.25078084417811886, 0.2928247016091248, 0.3710098735085366, 0.43804740930662245, 0.4494914270816825, 0.3825750314121475, 0.25900739582047044, 0.13725490196078444, 0.05822057304377327, 0.023961046980023673, 0.008824411500079385, 0.0030959339649085657, 0.001556395826350134, 0.0002446324926051596, 0.0, 0.0, 3.0187022324675146e-05, 0.00019053107597132623, 0.0018798282084002246, 0.008478632880724027, 0.02527398643152153, 0.06020860408544123, 0.12169721632529884, 0.2142498426942509, 0.31914072836972474, 0.3975799417037654, 0.42117325586637944, 0.41482810058943315, 0.425627605835898, 0.4668724872734285, 0.5134820338212289, 0.5229486056143976, 0.4654979976595288, 0.3450063020309597, 0.2122214316097332, 0.10499163976297321, 0.040800700966180804, 0.014899843772358496, 0.005806885385364784, 0.002175425803631459, 0.0009730414209070612, 0.00021601362728436375, 1.0977099027154598e-05, 0.0, 5.0965102626074924e-06, 3.057906157564495e-05, 0.0011369138278124404, 0.005260774708763844, 0.018425844795580935, 0.05041624767471726, 0.11237295478023282, 0.21841525973580503, 0.35650638141890917, 0.4892249972067243, 0.572781106844423, 0.6108140106987581, 0.6346135375073826, 0.6500900710179184, 0.6524328975817142, 0.6094363847708519, 0.49738451013715973, 0.3454861580741464, 0.20953949109384803, 0.10438005853146025, 0.038467675383659465, 0.01216184164358537, 0.004557848331774979, 0.0015062148022259982, 0.0005614002073887637, 0.00013603762008652308, 3.763576809310148e-05, 0.0, 0.0, 0.0, 0.00047711176843025525, 0.0036447889162662976, 0.013165070086817107, 0.04175335634603746, 0.10108144027380059, 0.2131282183972253, 0.3695071870595703, 0.5276299463102286, 0.6396026290152248, 0.7021226965243863, 0.7228470674484055, 0.7188913914061194, 0.695723047791555, 0.6407858034746525, 0.5376692874490638, 0.40828888588325646, 0.26830931112823075, 0.1437560888596168, 0.05790223717198568, 0.018896683935995702, 0.006278116565030494, 0.0018817884046550741, 0.0005065147122529909, 4.8220827869286276e-05, 0.0, 4.43004353595882e-05, 0.0, 0.0, 0.00025600163088328404, 0.002147591016812602, 0.00947206034268152, 0.030256805311347855, 0.08043194884671881, 0.17770825615060612, 0.31863264550046777, 0.45365958839799225, 0.5496425582129338, 0.6040054650271641, 0.6223152662044598, 0.6208161081087524, 0.6112409414430658, 0.5918738104059058, 0.5539510695810914, 0.48158062385206224, 0.36324475206457796, 0.21631549750761042, 0.09931569548743226, 0.03706417486518757, 0.011159789318106536, 0.002957936148567194, 0.0006688189621544908, 0.00010075408749924042, 0.0, 1.4505452285882863e-05, 0.0, 0.00010545855851087811, 0.000546894755102881, 0.0015983440262039032, 0.007189607823535295, 0.02051345380699518, 0.054532659809900304, 0.12469043600645326, 0.22337612441757715, 0.3173055926359344, 0.37804109747467973, 0.4105717304416533, 0.4159771676340254, 0.41096886620288525, 0.4266429874959097, 0.4702985182876543, 0.5217967942950499, 0.524970352031652, 0.4462269162388571, 0.2951957549989918, 0.14887808167353736, 0.06463237499338437, 0.02019550997445866, 0.004682908852834347, 0.000869543058651032, 0.00031206324377196644, 3.33233363324336e-05, 0.0, 0.0, 0.0003563636791315546, 0.001724188625765211, 0.003981550632849359, 0.009147059803627547, 0.018273341526953705, 0.04021107393272224, 0.08822608119524931, 0.1534966960892129, 0.20788704565101107, 0.2390180984920212, 0.24466385574523736, 0.22906382987064686, 0.21718974503727362, 0.24780683442026227, 0.329165564056274, 0.4565579345804121, 0.5379194084911851, 0.4974809517928982, 0.35339554996246286, 0.19454555790125735, 0.08983187396722185, 0.03232677255646837, 0.007872932237975668, 0.001250213171342715, 0.0003990959574872636, 6.860686891971624e-05, 0.0, 5.214122037898435e-05, 0.0007860386981944633, 0.003791411596129005, 0.009816662844283973, 0.018319210119317173, 0.029308070324000846, 0.05055424549105863, 0.08783012155176989, 0.1353954597934346, 0.17192410904179797, 0.18010126373852564, 0.16228347182119923, 0.12637620478562347, 0.10492185677630063, 0.1322709069632053, 0.2360240947323646, 0.4101177489890313, 0.5409330142133911, 0.5239980946892451, 0.38234882476433746, 0.22548215927378723, 0.11064837411521664, 0.0430941305843542, 0.010631712447050199, 0.0014411362865650108, 0.00022581460855860888, 3.5283532587282637e-06, 0.0, 9.212922397790468e-05, 0.0014787720546581122, 0.007113552208847157, 0.0199120655960075, 0.03710886733979812, 0.058785893643671705, 0.08730714119097618, 0.1235648913169186, 0.16213567302358345, 0.1846148116349411, 0.16974515488490752, 0.12924122763171092, 0.08048526618485066, 0.05398733321180131, 0.08658382877293679, 0.21722973304087229, 0.4209070612149718, 0.5638367313335484, 0.5401579526142206, 0.393222425429236, 0.23813326590258238, 0.12338612141847644, 0.04837372317716453, 0.012107740226951522, 0.0018237665955115432, 0.00019523554698296392, 0.0, 0.0, 0.00015642366113695306, 0.0023392982105368385, 0.010656802959112279, 0.032291881063132084, 0.06517809363073442, 0.10416678917893275, 0.146674821083087, 0.1895223589785813, 0.2281852699092229, 0.23385494155674955, 0.19324359554878687, 0.13020368399284166, 0.07527702473571678, 0.06404980466644337, 0.12900796427738323, 0.2978945532026666, 0.5039742979067116, 0.6118536987923308, 0.5470664682948114, 0.3861245547904258, 0.233950991173237, 0.11858520875110039, 0.04393035030667282, 0.01068189347117434, 0.0018853167579138024, 0.00027011504391819707, 0.0, 0.0, 0.00027011504391819707, 0.0030183101932165445, 0.014126742369446029, 0.04181216223368289, 0.08842131674223246, 0.1473028679631406, 0.21692707873912367, 0.28798693725215796, 0.34102984790837265, 0.3444186351937572, 0.2882762622193735, 0.2147175455206573, 0.17575394048452087, 0.20180651686846893, 0.3085882078513698, 0.48153318710269694, 0.6327858505193634, 0.6520753577848313, 0.5217971863342991, 0.34715271693002064, 0.19795590734544366, 0.09319596277979357, 0.03313241321721137, 0.008415122522066911, 0.0012188500312651299, 0.00025168919912261616, 0.0, 0.0, 0.0001940594292300545, 0.003026150978235941, 0.013935427214972772, 0.0407579686878251, 0.09171013401861824, 0.16949268160728306, 0.2696249948544857, 0.37975979755093153, 0.4769012433524874, 0.5220720058492304, 0.5044000525332638, 0.4615250718901994, 0.45124972312227946, 0.49809096486740484, 0.5972294586134034, 0.6959649360094061, 0.7188745337183294, 0.6121826197238929, 0.4355979480665635, 0.2638243820971362, 0.13615836817582183, 0.057973196276411294, 0.02008652306268906, 0.00541406205589304, 0.0011898391266933646, 9.9577969746331e-05, 0.0, 0.0, 1.9209923297520546e-05, 0.002303230599447616, 0.009931138305567164, 0.031047940519804838, 0.07244414910820876, 0.14658112370210524, 0.2531573861174983, 0.3892510678169114, 0.5340515492411162, 0.6541755120522764, 0.7246798509466901, 0.754235690077305, 0.7665253365167067, 0.7846818503468719, 0.7957749929923147, 0.7525969660082542, 0.6297581313841223, 0.4552026548898104, 0.2806036620386426, 0.15159530572200894, 0.06836184438786017, 0.02665122032017848, 0.008539398964624342, 0.0025706013686090244, 0.0006903811209578302, 3.1363140077584566e-06, 0.0, 0.0, 0.0, 0.001028710994544774, 0.005077692378560943, 0.016752229233190856, 0.039448165550334945, 0.08602713303655986, 0.16206432187990646, 0.27120687323214726, 0.40391608007793717, 0.5470750931583328, 0.6750014211422976, 0.7561786366051159, 0.7800330489088791, 0.7460271722405034, 0.6574427671698622, 0.5226745701779698, 0.3667099870038988, 0.22420489539412583, 0.12066576105599676, 0.0549458691804224, 0.0218859832246405, 0.007926249576107568, 0.002570601368609024, 0.0007778058739240972, 0.00022307033380182024, 3.1755179328554376e-05, 0.0, 0.0, 0.0, 0.00023679170758576348, 0.0016598941886061633, 0.005413670016642067, 0.013383435949607283, 0.029803999976477702, 0.05627096184870034, 0.09814663444104059, 0.15693448828096665, 0.2228237411129602, 0.29082726162543326, 0.3402108779130969, 0.3531736557464138, 0.3198009224683566, 0.25424451096043693, 0.17675285649599207, 0.10764574549203881, 0.05653402018610097, 0.02603023014664235, 0.010406289877742574, 0.00388158062385206, 0.0012960817637061822, 0.0004363396863293953, 0.00013054907057294575, 2.2346237305279006e-05, 0.0, 0.0, 0.0, 0.0, 1.6465648540731896e-05, 0.0001105550687734856, 0.0003391139520888832, 0.0008660147053923038, 0.002463182613843297, 0.004816986276666022, 0.008426491660345033, 0.012459791474322409, 0.016592277218795148, 0.019143668664106668, 0.020812579755485134, 0.020961946710104623, 0.018515229744802082, 0.014608166569636954, 0.009829208100315005, 0.005703387023108756, 0.002828955234998127, 0.0012012082649714888, 0.0003959596434795052, 2.1954198054309196e-05, 3.1363140077584566e-06, 0.0, 0.0, 0.0, 0.0, 0.0, 0.0, 0.0, 0.0, 0.0, 0.0, 0.0, 0.0, 0.0, 0.0, 0.0, 5.0965102626074924e-06, 7.68396931900822e-05, 0.0001105550687734856, 0.00017367338817962454, 0.00015603162188598322, 7.801581094299161e-05, 3.9203925096980706e-05, 1.1761177529094212e-06, 0.0, 0.0, 0.0, 0.0, 0.0, 0.0, 0.0, 0.0, 0.0, 0.0, 0.0, 0.0, 0.0, 0.0, 0.0, 0.0, 0.0, 0.0, 0.0, 0.0, 0.0, 0.0, 0.0, 0.0, 0.0, 0.0, 0.0, 0.0, 0.0, 0.0, 0.0, 0.0, 0.0, 0.0, 0.0, 0.0, 0.0, 0.0][0.0, 0.0, 0.0, 0.0, 0.0, 0.0, 0.0, 0.0, 0.0, 0.0, 0.0, 0.0, 0.0, 0.0, 0.0, 0.0, 0.0, 0.0, 0.0, 0.0, 0.0, 0.0, 0.0, 0.0, 0.0, 0.0, 0.0, 0.0, 0.0, 0.0, 0.0, 0.0, 0.0, 0.0, 0.0, 0.0, 0.0, 0.0, 0.0, 0.0, 0.0, 0.0, 0.0, 0.0, 0.0, 0.0, 0.0, 0.0, 0.0, 0.0, 0.0, 0.0, 0.0, 0.0, 0.0, 0.0, 0.0, 0.0, 0.0, 0.0, 0.0, 0.0, 6.395497569710923e-05, 0.00015048229575790408, 3.3106105066738897e-05, 0.0, 0.0, 7.147909048500444e-05, 0.00022572344363685614, 0.0006026815945104058, 0.0006147201781710382, 0.0005470031450799812, 0.0005831188960618783, 0.0003837298541826554, 0.0001655305253336945, 0.00010232796111537477, 0.0, 0.0, 0.0, 0.0, 0.0, 0.0, 0.0, 0.0, 0.0, 0.0, 0.0, 0.0, 7.223150196379396e-05, 0.00048304816938287207, 0.0004401607150918694, 0.0005477555565587708, 0.0008539870284261057, 0.0018140640753615334, 0.00266579386935127, 0.005706288655139721, 0.01024483469519811, 0.014707387175898763, 0.0169947180714189, 0.018303914044512676, 0.01854694295216168, 0.01587437737950131, 0.012734564278512639, 0.010886641686605573, 0.008144101846417772, 0.00496892540592599, 0.0025815237837268448, 0.0008562442628624742, 0.00019938904187922292, 5.492603795163499e-05, 0.0, 0.0, 0.0, 0.0, 0.0, 0.00012113824808511279, 0.00015048229575790405, 0.000660617278377199, 0.001540186297082148, 0.0036424239688200677, 0.008728725565437226, 0.01815192692579719, 0.03319865167863003, 0.06067069959219315, 0.10428874542910048, 0.1574699411614225, 0.20508780641957466, 0.24475268234692213, 0.2598182173867246, 0.24353603298571905, 0.19809037966683238, 0.1454998269453602, 0.08961596918122605, 0.04722510646622433, 0.019293335139120894, 0.004698057273561762, 0.0007411253066076778, 5.266880351526643e-06, 0.0, 0.0, 0.0, 0.0, 0.0, 0.0002016462763155915, 0.0003355755195401261, 0.0016808872436157884, 0.005083291950701998, 0.011949799106135172, 0.026305810121439205, 0.05585300889350388, 0.10651513099483871, 0.1862150692970977, 0.28480128812845235, 0.39644184611680555, 0.494995711254574, 0.562083728349361, 0.5902487472348928, 0.5596556965073085, 0.47978797044527877, 0.37015559869381515, 0.24451717755406158, 0.13734744857267564, 0.060505921478338144, 0.017036853114231126, 0.0026590221660421644, 9.028937745474245e-06, 0.0, 0.0, 0.0, 0.0, 0.0, 0.0, 0.001203105954584443, 0.004761259837780084, 0.011667644801589095, 0.026892691074895066, 0.061797059575941025, 0.12814771342151635, 0.22856605420372328, 0.35664981264954304, 0.4890629467443188, 0.6097362045355418, 0.6965298782598286, 0.7470497945916723, 0.7599634328021375, 0.7476637623583658, 0.6954283478548827, 0.5830662272583659, 0.4364799181376321, 0.2719892254676246, 0.13455073510601478, 0.04374068890795004, 0.006305208192256178, 0.00025431507983085793, 0.0, 0.0, 0.0, 0.0, 0.0, 3.3106105066738897e-05, 0.0016304756745368905, 0.0068777933276150055, 0.01953485922381234, 0.0541728740613668, 0.12352941176470637, 0.23665899206958357, 0.37869998344694855, 0.5241328457706974, 0.6396009209516533, 0.7118279084465774, 0.7476569906550554, 0.7504996012219212, 0.7492317878801599, 0.7553752276044785, 0.7525830286066916, 0.7069206807819116, 0.5907190044091352, 0.418136126284744, 0.23761304982468856, 0.09129309436744769, 0.016227258363053595, 0.0008449580906806314, 0.0, 0.0, 0.0, 0.0, 3.987780837584459e-05, 0.00010533760703053287, 0.0022346620920048756, 0.01081516259612057, 0.03652205318044337, 0.10208568461920495, 0.21681790137390367, 0.36899688501647987, 0.5233134696702966, 0.642716656885323, 0.6987923795765495, 0.6962055889124694, 0.6602817028576622, 0.6194310264397425, 0.5953117240756659, 0.604246610386291, 0.653091658766351, 0.7046777421636393, 0.6846884264066382, 0.5494943794862568, 0.3492837042721937, 0.15305403819240668, 0.03260349419890752, 0.0007336011918197823, 0.0, 0.0, 0.0, 0.0, 0.0, 0.0002580771372248055, 0.0036145847441048547, 0.018265541059094427, 0.06907363098731445, 0.1776684273095275, 0.33220020164627706, 0.5041450348366534, 0.6357267542473671, 0.6897325929604443, 0.6615374776157638, 0.587459557883018, 0.4981280002407726, 0.4272019321926781, 0.3822227739906419, 0.3921997501993901, 0.4708876950626767, 0.6043195942997349, 0.6911343355454282, 0.6414300332565921, 0.4585594329827122, 0.22277624787443764, 0.0523588099860052, 0.0009585722239778491, 0.0, 0.0, 0.0, 0.0, 0.0, 0.00028817359637638634, 0.005244308007162956, 0.03668683129429826, 0.12311934750876598, 0.2719666531232609, 0.45686801197839333, 0.6159556378192144, 0.6868109791883039, 0.6573164492197543, 0.5511233503378362, 0.4291108001143691, 0.32179209366018063, 0.2417761425368307, 0.20299083562818887, 0.21338690503062321, 0.3025356266835223, 0.4740801769671802, 0.6500677170330952, 0.6889207409748305, 0.5454629587829012, 0.2943095119859161, 0.07715678750395032, 0.001315967676402871, 0.0, 0.0, 0.0, 0.0, 0.0, 0.00032278452440070423, 0.009669239913924129, 0.06591576001083488, 0.1926068048094149, 0.3849231787880166, 0.5755722089296234, 0.6892721171354237, 0.6737002091703952, 0.5551765909740756, 0.4019156396249986, 0.27242186206792807, 0.17738025371315105, 0.12429461423863498, 0.1055618256512125, 0.12167095541209605, 0.1952680842098931, 0.3743043955878605, 0.598262681895478, 0.7080094201917202, 0.600680932388308, 0.3557235941191538, 0.10289001249003078, 0.002320437000586881, 0.0, 0.0, 0.0, 0.0, 0.0, 0.000422102839600921, 0.015748724662543463, 0.10640603133041411, 0.28348757768648586, 0.5026823469218874, 0.6689878560787361, 0.7046175492453376, 0.594363685612392, 0.4157607632462056, 0.2527493115434972, 0.14712729297398205, 0.09058357034294943, 0.06957925150106108, 0.06590673107308935, 0.07810407355574626, 0.14387762779709018, 0.31801273080222164, 0.5601041337486677, 0.7090311949799168, 0.6274743051480024, 0.3930590041081681, 0.12449325086903568, 0.003485922381231848, 0.0, 0.0, 0.0, 0.0, 0.0, 0.0008261478037108934, 0.026178652581523805, 0.16520247392894255, 0.38319789926715303, 0.6077648864611116, 0.7218161708275094, 0.6626856575323976, 0.4760123696447126, 0.2739786014175433, 0.13443034926940856, 0.07467909650429645, 0.05445352354295525, 0.04885182008336727, 0.04722962093509704, 0.05813432049719356, 0.12657893548824026, 0.30241524084691523, 0.551285871217254, 0.7080417738853085, 0.6291446586309161, 0.40238138233036974, 0.13621657412005528, 0.004610025130543391, 0.0, 0.0, 0.0, 0.0, 0.0, 0.000999954855311273, 0.04256767941251717, 0.23489834920921596, 0.4789181827757979, 0.6874490241223163, 0.7288083306998983, 0.577112395226704, 0.34743728650324357, 0.1572081019668038, 0.06917294930251468, 0.04472710035664313, 0.03894707537658199, 0.03664845830888, 0.037184175281778156, 0.055273652054835865, 0.1438520458068113, 0.33536634914902386, 0.5745421576151604, 0.7035258001896123, 0.6071524235173773, 0.3831926323868009, 0.1362376416414614, 0.005319549155041907, 0.0, 0.0, 0.0, 0.0, 0.0, 0.0015793116939792032, 0.06661625509758784, 0.30781003114983546, 0.5625065836004437, 0.7288098355228556, 0.6946864701367937, 0.4804937324123829, 0.23753931349976684, 0.08808330699893169, 0.04245105563330481, 0.032289738612252296, 0.031677275668517635, 0.031866883361172584, 0.03763261252313669, 0.07953816983431918, 0.2016440190811556, 0.40830436549140203, 0.6170090138895189, 0.6890621943328414, 0.5619302364076905, 0.34017501090996777, 0.11833175326922825, 0.004541555685973543, 0.0, 0.0, 0.0, 0.0, 0.0, 0.002114276255398552, 0.09015770544595446, 0.3680653996057372, 0.6193971679231973, 0.7426963417753967, 0.646202579266554, 0.3978247784148203, 0.16628895610431443, 0.05870916286698882, 0.03247859389342847, 0.028276375784388984, 0.030310144011557055, 0.037762027297488496, 0.06562532918002213, 0.15066814139316514, 0.3123124614389129, 0.5152701909620359, 0.6620980241674608, 0.6496395949016643, 0.4872955321806416, 0.2748882668954003, 0.08867018795238764, 0.003452063864686318, 0.0, 0.0, 0.0, 0.0, 0.0, 0.003084134651558245, 0.11338765744210205, 0.4058071117932996, 0.6450318270055586, 0.7400629015996313, 0.6152227890388733, 0.36242682798368864, 0.1441387145802299, 0.0556551246745821, 0.0364257445111583, 0.0379493777557071, 0.05009254661189119, 0.08112500564308643, 0.1519652987825983, 0.28484793764013705, 0.4598407897310909, 0.6186741004920825, 0.674513565978968, 0.5749003054790637, 0.39178667629753505, 0.19754939581358308, 0.05728334311468265, 0.0022549772019321923, 0.0, 0.0, 0.0, 0.0, 3.3106105066738897e-05, 0.004376777572118641, 0.12396355318796784, 0.4035543918258034, 0.6399688501647836, 0.7373286382857104, 0.6286924593321636, 0.393900952552933, 0.19295818097000936, 0.1003385851654556, 0.07883692233608725, 0.0912178532195689, 0.12706047883466545, 0.20002031510992754, 0.3126179404993017, 0.46109656448918956, 0.6027056716777305, 0.675552646231176, 0.621280453854608, 0.4644809113207837, 0.28347403427986734, 0.12551352083427408, 0.03153130784163247, 0.0010533760703053281, 0.0, 0.0, 0.0, 0.0, 0.0001911125156125382, 0.004899703549877357, 0.11437632612523152, 0.3631453809459338, 0.6019923855958387, 0.733323551984114, 0.6851285871217316, 0.5109475870163899, 0.3331572690472974, 0.23263208583510187, 0.21190615924036652, 0.2380276285495018, 0.30053722179585657, 0.39707763381638306, 0.5170910267407076, 0.6258927362195891, 0.6807608384873588, 0.6349118926158376, 0.5035799738160822, 0.33471325598543533, 0.1764593020631125, 0.06531533565076071, 0.012543451762900117, 0.0004935819300859254, 0.0, 0.0, 0.0, 0.0, 4.439227724858171e-05, 0.003301581568928415, 0.08506613696898577, 0.28266293470573295, 0.517622981656211, 0.6947632161076296, 0.7482739680676642, 0.6794260605239839, 0.5636788406843967, 0.483834439378209, 0.4591056837163122, 0.48241238168329637, 0.5412366635065419, 0.6191421004318876, 0.6792620348216075, 0.6951838141242745, 0.6341436804959938, 0.5074067385972049, 0.35208568461920536, 0.20155824417257362, 0.08990640001203878, 0.02697395151460434, 0.004422674672324801, 0.0001670353482912735, 0.0, 0.0, 0.0, 0.0, 0.0, 0.0021737167622229246, 0.04862007734790007, 0.18309858095195136, 0.3803552887002859, 0.5883406317246804, 0.7349502656012598, 0.792001865980475, 0.7740252509292344, 0.7378831655455781, 0.7202135343776846, 0.7220065309316425, 0.7353279761636097, 0.7380073134395806, 0.6992995049132527, 0.6088415872872586, 0.47671060749702937, 0.3306291664785642, 0.1948602771883895, 0.09307480474922164, 0.03351466449972167, 0.00876032684754639, 0.0013829322980151383, 9.028937745474245e-06, 6.846944456984636e-05, 2.9344047672791298e-05, 0.0, 0.0, 0.0, 0.0011090545197357533, 0.01862820339187099, 0.08833536484432625, 0.21939265345432168, 0.3916279174755095, 0.5688757467683954, 0.705081787127751, 0.7779310189156321, 0.7971904955382071, 0.7926263675078705, 0.7714407174995931, 0.723700961581876, 0.6386062329766952, 0.5221457270552156, 0.3897085157931175, 0.2627353166899927, 0.15477179359848328, 0.07459106436127812, 0.030601327253848617, 0.009984500323536948, 0.002126314839059184, 0.00042962695438881614, 4.8154334642529304e-05, 1.5048229575790408e-06, 5.417362647284547e-05, 0.0, 0.0, 0.0, 0.00011210931033963854, 0.004113433554542305, 0.023810813657773214, 0.07496200322032118, 0.16890584322754484, 0.29102297864656235, 0.41484733571095506, 0.5127383263359085, 0.5675943900200177, 0.5722232254375299, 0.5252795208643726, 0.4453403157118579, 0.3434517629000953, 0.24427339623493358, 0.156521902698148, 0.08768227168073682, 0.04261658615863852, 0.01909545092019927, 0.007789716039907909, 0.0033670413675831027, 0.0009698583961596917, 0.0003355755195401261, 4.288745429100267e-05, 0.0, 0.0, 0.0, 0.0, 0.0, 0.0, 0.0009397619370081109, 0.0027049192662483247, 0.01013272538485848, 0.025818999894662412, 0.05187576181662232, 0.08636780882729175, 0.11976208749040698, 0.14107489503859916, 0.14450288173596437, 0.1317254300031605, 0.10557311182339413, 0.07664740493281, 0.049373241238168455, 0.02979474214858626, 0.015337907995124384, 0.007739304470829006, 0.004663446345537446, 0.003026198967691451, 0.0019299354430951199, 0.0006749130964741998, 9.630866928505861e-05, 5.266880351526643e-05, 0.0, 0.0, 0.0, 0.0, 0.0, 0.0, 0.0, 0.0, 6.846944456984636e-05, 0.00042887454291002666, 0.0011353889214933861, 0.0018456653574706935, 0.0026740703956179557, 0.0034483018072923714, 0.0037387326381051267, 0.003401652295607421, 0.002920861360660918, 0.0022647585511564564, 0.0016936782387552106, 0.0015620062299670442, 0.001283613982814922, 0.0012520127007057617, 0.0011504371510691767, 0.0012106300693723383, 0.0005432410876860338, 0.00025807713722480547, 0.0, 0.0, 0.0, 0.0, 0.0, 0.0, 0.0, 0.0, 0.0, 0.0, 0.0, 0.0, 3.611575098189698e-05, 9.254661189111101e-05, 0.00038974914601297157, 0.000498848810437452, 0.00035513821798865367, 0.00044693241840097514, 0.0005665658435285089, 0.00032955622770980994, 0.0002693633094066483, 0.00034987133763712705, 0.0002836591275036492, 9.931831520021668e-05, 1.4295818097000887e-05, 0.0, 0.0, 0.0, 0.0, 0.0, 0.0, 0.0, 0.0, 0.0, 0.0, 0.0, 0.0, 0.0, 0.0, 0.0, 0.0, 0.0, 0.0, 0.0, 0.0, 0.0, 5.266880351526643e-06, 0.00014747264984274602, 0.00016327329089732591, 0.0, 0.0, 0.0, 0.0, 0.0, 0.0, 0.0, 0.0, 0.0, 0.0, 0.0][0.0, 0.0, 0.0, 0.0, 0.0, 0.0, 0.0, 0.0, 0.0, 0.0, 0.0, 0.0, 0.0, 0.0, 0.0, 0.0, 0.0, 0.0, 0.0, 0.0, 0.0, 0.0, 0.0, 0.0, 0.0, 0.0, 0.0, 0.0, 0.0, 0.0, 0.0, 0.0, 0.0, 0.0, 0.0, 1.062659731040822e-06, 5.1716106910653335e-05, 8.076213955910247e-05, 0.00016577491804236827, 0.00010166111426957198, 8.607543821430659e-05, 7.40319612625106e-05, 0.00017888105472520504, 0.0003326124958157773, 0.0005405395831894316, 0.00015904473974577636, 5.3841426372734985e-05, 8.3595898841878e-05, 1.593989596561233e-05, 0.0, 0.0, 0.0, 0.0, 0.0, 0.0, 0.0, 0.0, 0.0, 0.0, 0.0, 0.0, 0.0, 0.0, 4.144372951059207e-05, 0.0002777084097120015, 0.00062059328292784, 0.0011189806967859858, 0.0012822760754559253, 0.0014838272044433345, 0.0018054588830383566, 0.0022036020622683184, 0.0023367887485587677, 0.002455098198614646, 0.002892914007803465, 0.0031011953150874667, 0.0024384498628283392, 0.0011381085719447206, 0.0005122019903616762, 0.0003531572506158999, 3.152557202087772e-05, 0.0, 0.0, 0.0, 0.0, 0.0, 0.0, 1.487723623457151e-05, 3.542199103469407e-06, 2.8337592827755253e-06, 9.032607713846988e-05, 0.00023201404127724617, 0.0012383528065729047, 0.003246425478329711, 0.006390127182658814, 0.010187364621578017, 0.013948471629641843, 0.01614250975433078, 0.018574937878683213, 0.018984416095044292, 0.017983744848314193, 0.017800258934754475, 0.0202047036861895, 0.019896178144277316, 0.016066706693516546, 0.009795597400734303, 0.005299129858790235, 0.0023158897738482977, 0.0005603758981688601, 0.00022032478423579714, 4.888234762787782e-05, 4.286060915197982e-05, 0.0, 0.0, 0.0, 5.100766708995946e-05, 3.2588231751918546e-05, 0.00017144243660791928, 0.0006425549173693503, 0.0019067657773975811, 0.005515204004101865, 0.0111161292265077, 0.019564628308192614, 0.03143595438356, 0.0481076686839491, 0.07551472580722297, 0.11147123468663031, 0.14381647158005134, 0.15958173712986237, 0.15758818747442974, 0.1468436349338759, 0.12051305211814668, 0.09264515489151125, 0.058683612547177744, 0.028985815263690186, 0.011392774976488659, 0.003933612104402777, 0.0018844499230457241, 0.000591193030369044, 0.00015196034153883755, 4.321482906232677e-05, 0.0, 0.0, 3.4005111393306306e-05, 6.517646350383709e-05, 0.0002068644276426134, 0.0023144728942069105, 0.005985962264952949, 0.012413990978018891, 0.02157766005869428, 0.03308272274676296, 0.05057197660023279, 0.08027154498327216, 0.13414449692802813, 0.20937655524679416, 0.2802262048347487, 0.32363089576902143, 0.32588054641963354, 0.29331498474197826, 0.23285779310369253, 0.16568140398603673, 0.10270925098428883, 0.050890774519545025, 0.021409405601279453, 0.010475345408690087, 0.005299129858790235, 0.002353437084345074, 0.00047430045995455365, 9.351405633159236e-05, 0.0, 0.0, 8.713809794534741e-05, 0.0001236227487110823, 0.0004296687512508389, 0.0036240239027595517, 0.009636198441078174, 0.01937689175570871, 0.03211428551187438, 0.04554736717196142, 0.06533727934313469, 0.10204721397185022, 0.17069963745592212, 0.26960173284380246, 0.37098372182401973, 0.43606171219278295, 0.4365055497404479, 0.3808349317506812, 0.29282722392543126, 0.1945917704088235, 0.11499324325521051, 0.05801484535644274, 0.029351015991257907, 0.017943717998445, 0.011730346551049283, 0.0055580646132538485, 0.0010325510386613322, 0.00019907158961498064, 0.0, 0.0, 0.00013708310530426604, 0.00013566622566287827, 0.0009096367297709436, 0.005225452117438072, 0.01312597299781624, 0.024369621392048874, 0.03800496262094402, 0.0507993857826756, 0.07187582466822887, 0.11156474874296252, 0.1853919708972929, 0.29853795732004446, 0.4204795783366218, 0.5012020452657663, 0.5000256809435039, 0.42433313674128664, 0.3082478335024742, 0.19519854911524767, 0.10839129256616403, 0.05781010624826222, 0.03612688865628454, 0.02789021308098707, 0.021054123031201473, 0.009989001471783738, 0.00169742181038254, 0.00018384013347006226, 0.0, 0.0, 6.87186626073065e-05, 0.00011016239211789857, 0.00134426455976664, 0.00649001719737665, 0.015141484287690339, 0.025049723619915, 0.03496681844989829, 0.04612970470457187, 0.06571452354765418, 0.10529080569089722, 0.1782101622150085, 0.3039174950984835, 0.45029922726926935, 0.5477656693605149, 0.5386158148563441, 0.4385522323824318, 0.2995524431432778, 0.17565340290212375, 0.09371773278004197, 0.05678889024673198, 0.04290240710140082, 0.037342925608505585, 0.0275923141363853, 0.013881878286496611, 0.0019368744697770715, 0.0001236227487110823, 0.0, 5.632096574516357e-05, 4.073528968989818e-05, 0.00011122505184893939, 0.0012918400130352927, 0.006165905979409198, 0.013600981897591501, 0.019052072097920567, 0.025216915417598705, 0.03417372007063149, 0.053842134812555766, 0.09264905131052503, 0.1727477369775474, 0.3201786685227804, 0.4919172329757506, 0.5999238427192823, 0.5690178013216, 0.431254593789464, 0.2673031998455606, 0.14208433621845437, 0.07304333349273238, 0.0488912031256366, 0.040998475083286, 0.03446559727675737, 0.024922204452190067, 0.011564925852917268, 0.0018345049156868057, 0.00019978002943567456, 0.0, 5.029922726926558e-05, 6.978132233834731e-05, 0.00013991686458704157, 0.000973396313633393, 0.004595649116841211, 0.009832790491320726, 0.011929418140664276, 0.015389792444843545, 0.025815901285995455, 0.048722594448311424, 0.094023070342761, 0.18958203821678626, 0.35895405944872855, 0.5535235140032024, 0.6582008108093856, 0.5764932583095623, 0.3895129653342706, 0.2024898117498285, 0.08934311688725716, 0.04558810246165129, 0.0329743314541967, 0.02685270296358094, 0.02196836461980692, 0.015162029042490466, 0.007104942961738936, 0.0014055446042566609, 9.599359570402093e-05, 0.0, 2.1961634441510323e-05, 0.00010236955409026585, 0.00016896289723549072, 0.0007261508162112285, 0.0029524229527417506, 0.006283152769734033, 0.007612185873355759, 0.01155642457506895, 0.025894538106092418, 0.056625594868062, 0.11532231355192273, 0.22053448242272278, 0.4074364927978242, 0.6287233383101299, 0.7018215758889709, 0.5494163341427322, 0.3064349360013184, 0.11996897033585345, 0.04198851973270571, 0.022307707293919284, 0.01628596881802128, 0.013137308034947344, 0.010332240564909915, 0.006745055532826451, 0.0030137029972317703, 0.0006184679634657584, 3.860997022781654e-05, 0.0, 0.0, 0.00012043476951795984, 0.0001827774737390214, 0.0007357147537905957, 0.002437032983186953, 0.004566957304103108, 0.005633513454157749, 0.011647813311938463, 0.03206292362487404, 0.07471100083064597, 0.14019173923747116, 0.24553355259545728, 0.4724191980107007, 0.7094511185379349, 0.7281202789127704, 0.4940453861971174, 0.2071389480731311, 0.05628093889529431, 0.018323795962247275, 0.009912489971148804, 0.007867224208805557, 0.006631350941605083, 0.005026026307912743, 0.0031571620609222822, 0.0014105036830015176, 0.0005026380527823088, 7.22608617107759e-05, 1.1335037131102101e-05, 0.0, 9.882735498679645e-05, 0.00010201533417991892, 0.0008037249765772084, 0.002054121260101909, 0.003793341019905388, 0.0062123087876646485, 0.015611179888810396, 0.042839710177269424, 0.09091301952991501, 0.15691729496423304, 0.27829464366362444, 0.5724041436645203, 0.782175654111337, 0.7345220953524741, 0.41140588111317117, 0.12809335819957068, 0.03364416130466285, 0.01425132965298847, 0.008586290626809847, 0.0067925210008129375, 0.005470926515308501, 0.005127687422182315, 0.003782360202684632, 0.0015422734896505797, 0.0005419564628308193, 0.0001122877115799802, 0.0, 0.0, 1.983631497942868e-05, 0.00010236955409026585, 0.0006050076068725747, 0.0025255879607736873, 0.005028151627374826, 0.008840974742349307, 0.02117845421973325, 0.05023086282656869, 0.0963329383781333, 0.16878826681968942, 0.3335196530061754, 0.6654474417352646, 0.8216594848579657, 0.7015587447154983, 0.3194170957155304, 0.09634816983427816, 0.03750126190843064, 0.020031490150029856, 0.012378923206894535, 0.009626280283588464, 0.00694235602288969, 0.005982420065849477, 0.003817782193719325, 0.0015610471448989675, 0.0005564794791550438, 1.9482095069081738e-05, 0.0, 0.0, 3.860997022781654e-05, 0.00022386698333926657, 0.0007799922425839632, 0.003761461227974165, 0.008221798339062848, 0.013319022848955333, 0.02580633734841606, 0.051158564771767286, 0.09834242792953149, 0.1900662568342305, 0.4080925080717859, 0.7137630375065889, 0.8181707729609629, 0.6226853057183601, 0.25685371249032335, 0.09408009974832701, 0.04705705242986009, 0.02534585146496503, 0.015247750260794406, 0.011753725065132194, 0.008472586035588477, 0.006724156558115977, 0.004690225832903842, 0.0020502248410880926, 0.000811872034515188, 9.068029704881681e-05, 0.0, 1.3814576503530688e-05, 8.820075767638823e-05, 0.00024016109921522574, 0.001390313148111742, 0.006271109292782239, 0.014396205596320365, 0.02014979960008574, 0.02982035737246758, 0.05292966432350201, 0.11216479727108991, 0.24250143016288758, 0.47668400573128, 0.7196441506780801, 0.7645794258449546, 0.5268461498952431, 0.2325584772794483, 0.1066230267737122, 0.05642191841961253, 0.028124706661636766, 0.016758143958513782, 0.012552136743054202, 0.010024777682728773, 0.008441768903388292, 0.006286694968837503, 0.0035974574094835296, 0.0011869909195725982, 4.3569048972673704e-05, 0.0, 4.498592861406147e-05, 7.58030608142453e-05, 0.0003198605790432874, 0.0021547197146404404, 0.011071497517803975, 0.024201721154544387, 0.030334330462381015, 0.03754731049677576, 0.06728478041022225, 0.15231952052792905, 0.31129979225002447, 0.5156297764341078, 0.6905892625318687, 0.6727029281588991, 0.4467867826382668, 0.22677760834258662, 0.11790138871915876, 0.06093645117698441, 0.029963107996337415, 0.01953416539590275, 0.015991612072523, 0.01377632075321322, 0.012256717337824843, 0.009160126881571883, 0.005179049309182619, 0.0014211302803119258, 4.604858834510229e-05, 1.062659731040822e-06, 8.501277848326576e-06, 1.8065215427693978e-05, 0.0002706240115050627, 0.0028752030122861172, 0.014990586605882534, 0.034119170204438075, 0.04337104004278986, 0.05266683315002457, 0.10245456686874899, 0.21723138175873768, 0.3734862854906228, 0.5312816916126089, 0.6385550661417232, 0.5836499173782103, 0.402499021467498, 0.23182772160440382, 0.12306839455138957, 0.06011253566551723, 0.03245079442670396, 0.026331645475460564, 0.022493318526941097, 0.019595091220482436, 0.016566510987016076, 0.01193402299949878, 0.005437275623825539, 0.001140588111317149, 9.882735498679646e-05, 5.313298655204111e-06, 4.7465467986490056e-05, 3.152557202087772e-05, 0.00012539384826281701, 0.0028606799959618933, 0.01539864794260221, 0.03909666838463325, 0.05641554246122625, 0.08405957270452229, 0.160135737069645, 0.28721956852472824, 0.4234373145880186, 0.5335858921294162, 0.5809971644696256, 0.5189332313180017, 0.3799933052436964, 0.23297681099356873, 0.12116871317219888, 0.059109739099325105, 0.0368831481648753, 0.0312917868800488, 0.026206605847108128, 0.021019055260077125, 0.01633060052672501, 0.011144112599425108, 0.004461399770819718, 0.0008168311132600452, 5.702940556585745e-05, 0.0, 4.6402808255449224e-05, 3.5421991034694066e-05, 0.00012114320933865373, 0.0020328680654810925, 0.012262030636480053, 0.03484921743966311, 0.06329661843962597, 0.11750147444037708, 0.2181509366459983, 0.342790296499778, 0.4508790852625057, 0.5166343440998519, 0.5343896171059918, 0.4812166037040802, 0.36504557924696596, 0.22826462352622418, 0.1172496240841203, 0.06306708393772106, 0.041523074770509864, 0.03323078666928796, 0.026195625029887325, 0.01899929333127887, 0.01336294611783835, 0.008854789318852823, 0.002962695330141811, 0.0006588490332453096, 1.8065215427693978e-05, 1.1335037131102101e-05, 3.542199103469407e-06, 9.953579480749035e-05, 0.00023697312002210334, 0.0016577491804236823, 0.007889540063157416, 0.02692035896645719, 0.06337383838008157, 0.13548699038824308, 0.24281597744327643, 0.3562290456784299, 0.44385065380140337, 0.4837244806693358, 0.4894699276151653, 0.445387968212308, 0.34154840149410215, 0.21112356784462494, 0.10586109974655576, 0.0571112303651478, 0.03804853166991678, 0.028619906096301814, 0.021188372377222972, 0.013918008717352007, 0.00877119342001095, 0.005062156738768129, 0.0015745075014921511, 0.00045127616578200246, 0.0, 1.0980817220755161e-05, 3.542199103469407e-06, 7.863682009702083e-05, 0.0001923414113183888, 0.0012596060011937208, 0.006222935384975058, 0.02205160629873847, 0.060087386051882755, 0.1333110174789816, 0.23015474096783564, 0.3301024935310601, 0.3969356435555901, 0.42580031560994297, 0.42573336804688733, 0.38853921480072584, 0.2916257099895338, 0.17391949644097612, 0.08454449976178735, 0.042136937875141084, 0.025626039414049437, 0.01889196469844375, 0.013779154512495999, 0.008122616764165702, 0.004390555788750332, 0.0017342606810586212, 0.0005015753930512681, 0.00011689257041449041, 0.0, 0.0, 0.0, 0.0, 0.00026743603231194025, 0.0016031993142302536, 0.006334868876644688, 0.01883458107296755, 0.04945264168353648, 0.10530639136695291, 0.17779926711900584, 0.246842749384101, 0.2898312319237156, 0.30517391312048314, 0.3067370855848444, 0.2803384925463283, 0.20724946468516095, 0.11822408305748461, 0.052682773045990276, 0.02246887735312717, 0.012472083043315789, 0.008760566822700534, 0.00601961315643591, 0.00360206226831804, 0.00201692816951548, 0.0007658234461700858, 0.00016081583929751107, 0.0001027237740006128, 0.0, 0.0, 0.0, 0.0, 0.00014912658225606202, 0.0011490893891654755, 0.0034851696979035494, 0.008587707506451232, 0.019734299645248792, 0.03726499722822929, 0.06188505209689342, 0.08609244077000337, 0.10101041229426487, 0.10837003937154326, 0.11512890948087312, 0.10606194243572245, 0.07494230643210234, 0.04009556853181165, 0.016340518684214735, 0.006681650168874346, 0.0035634522980902235, 0.002109733786026378, 0.0016492479025753562, 0.0012957364320491092, 0.0005823375326103706, 0.00018313169364936834, 4.9236567538224764e-05, 6.375958386244932e-06, 0.0, 0.0, 0.0, 0.0, 1.8419435338040916e-05, 0.0004987416337684925, 0.000924868185915862, 0.0017307184819551522, 0.004181920261555982, 0.007495293302941269, 0.011440240444475154, 0.014661516309170237, 0.01619741384043457, 0.0185671450406556, 0.02349824041259538, 0.021744497636467654, 0.014536122460907411, 0.006010049218856545, 0.0020838757325710522, 0.0009386827624193927, 0.0006765600287626567, 0.00048315595771322706, 0.0003386342342916753, 0.00020898974710469503, 8.395011875222495e-05, 1.2751916772489865e-05, 0.0, 0.0, 0.0, 0.0, 0.0, 0.0, 1.3460356593183746e-05, 0.00011370459122136796, 0.00021288616611851136, 0.0003241112179674507, 0.0005182237288375742, 0.0007502377701148203, 0.0011327952732895167, 0.0014501763129603751, 0.0018118348414246017, 0.0022273347962615624, 0.004048733575265531, 0.00381849063354002, 0.0021759729092612565, 0.0008083298354117186, 0.0002444117381393891, 0.0001593989596561233, 9.634781561436786e-05, 8.961763731777599e-05, 9.705625543506175e-05, 2.8337592827755256e-05, 9.91815748971434e-06, 0.0, 0.0, 0.0, 0.0, 0.0, 0.0, 0.0, 0.0, 0.0, 0.0, 0.0, 0.0, 0.0, 0.0, 8.324167893153107e-05, 5.702940556585745e-05, 4.144372951059206e-05, 8.253323911083719e-05, 6.0925824579673805e-05, 0.0, 0.0, 2.08989747104695e-05, 6.801022278661261e-05, 7.084398206938813e-07, 0.0, 0.0, 0.0, 0.0, 0.0, 0.0, 0.0, 0.0][0.0, 0.0, 0.0, 0.0, 0.0, 0.0, 0.0, 0.0, 0.0, 0.0, 0.0, 0.0, 4.807022097880584e-06, 0.00010383167731422061, 0.00010383167731422061, 4.326319888092525e-06, 0.0, 0.0, 0.0, 0.0, 0.0, 0.0, 0.0, 0.0, 0.0, 0.0, 0.0, 0.0, 0.0, 0.0, 0.0, 0.0, 0.0, 0.0, 0.0, 0.0, 0.0, 1.2498257454489518e-05, 0.00012594397896447128, 0.0002115089723067457, 7.114392704863265e-05, 0.00011825274360786236, 0.00030909152089372155, 0.0002956318590196559, 0.0003437020799984617, 0.00019516509717395168, 2.8361430377495447e-05, 0.0, 3.46105591047402e-05, 0.00012161765907637878, 1.0094746405549227e-05, 0.0, 0.0, 0.0, 0.0, 0.0, 0.0, 0.0, 0.0, 0.0, 0.0, 2.163159944046263e-05, 0.00017305279552370101, 0.0004085968783198496, 0.0007816217931153828, 0.0016675559657547746, 0.0026010796571631833, 0.0036903508645429236, 0.005047853904984403, 0.006149623369818633, 0.0077445933018954125, 0.008371428983459038, 0.006313062121146571, 0.0043705444913930275, 0.0025453182008277685, 0.0018074403088030992, 0.001872815809334276, 0.002049714222536281, 0.0012560748741761967, 0.0006744252003326459, 0.00029995817890774844, 5.960707401371924e-05, 0.0, 0.0, 0.0, 0.0, 5.287724307668642e-06, 9.13334198597311e-06, 5.576145633541478e-05, 0.00046724254791399286, 0.001608429593950843, 0.0034769190833970256, 0.009254959645049488, 0.01856616144864419, 0.030494306082325104, 0.047390988756375374, 0.06645804190761868, 0.08719361242903638, 0.10192136673252314, 0.1089881699186172, 0.10249484446880015, 0.0850107436943889, 0.06144047224185097, 0.04407846982872586, 0.029007013445240832, 0.017824918641151016, 0.009574626614558546, 0.005167068053011841, 0.0025688726091073837, 0.00034850910209634233, 0.0, 0.0, 0.0, 0.0, 3.0764941426435735e-05, 6.729830937032818e-05, 0.00036821789269765267, 0.002195366992102062, 0.005836686231246608, 0.015005600180744056, 0.03214936379062538, 0.058748539867037895, 0.09573184507929204, 0.14626614558547155, 0.2040383792644299, 0.26309793346120075, 0.312081488638604, 0.3480625297434502, 0.358627883612381, 0.32877723778896256, 0.2747073725297924, 0.20777247403006333, 0.13778223228492195, 0.08299660143537695, 0.043195900571554986, 0.020361584202202597, 0.009107864768854354, 0.0023698618942551274, 0.0002182388032437785, 0.0, 0.0, 0.0, 5.624215854520284e-05, 0.000164880857957304, 0.0012868398156026324, 0.005078618846410837, 0.015553600699902423, 0.03537103000062498, 0.06804772411538783, 0.11531180748837952, 0.17970042638286038, 0.2583889746141173, 0.34599983656125094, 0.43897100884972934, 0.5250109359752742, 0.5984506967778571, 0.6381913098654584, 0.6354594792072341, 0.5703536526157461, 0.4598656918025862, 0.32934446639651277, 0.20707882074133885, 0.11247422234400022, 0.05373529652115817, 0.022121434992236677, 0.0057876546058482255, 0.00042686356229179584, 0.0, 0.0, 3.364915468516409e-06, 6.201058506265953e-05, 0.0003590845507116796, 0.00247080935831062, 0.009098250724658589, 0.025996856207548023, 0.05677381518922853, 0.10144018382052525, 0.1620865360118065, 0.24362805185815567, 0.34384148363930106, 0.445079772531716, 0.5451888919333393, 0.6224742704142268, 0.6803320690865288, 0.7192502006931821, 0.7342240745280797, 0.7062077883372118, 0.6162116820251085, 0.47938989275533916, 0.32494748328358203, 0.1838565776886878, 0.08832903104855594, 0.03509510693220659, 0.0097173951708656, 0.0011584923255892204, 0.0, 0.0, 0.0001307510010623519, 9.13334198597311e-06, 0.00026967393969110076, 0.003279350475174133, 0.012540559248950868, 0.0337318354652477, 0.06925140244869728, 0.11590595541967742, 0.18166265280321545, 0.2711737305856405, 0.3779458633171346, 0.47154339058496986, 0.5348860014709529, 0.5606809627503905, 0.5706156353200805, 0.5920612030053543, 0.6377149339755576, 0.6686115878074774, 0.6387945911387406, 0.5377264708285906, 0.38652014863312584, 0.2283119180498878, 0.10858149584913666, 0.04089477909329957, 0.010674953972763428, 0.0013180854592388558, 0.0, 0.0, 6.249128727244759e-06, 1.8747386181734278e-05, 0.0004480144595224705, 0.003264929408880493, 0.01373029721817632, 0.03618245533074718, 0.06677242115282027, 0.1113109229963134, 0.17553129611736878, 0.2679366819049273, 0.3618091708367609, 0.4314715736748257, 0.443515086838856, 0.4106730311639246, 0.3806949992549121, 0.40059414793129927, 0.48279759072052597, 0.5770517572069326, 0.6048464396790879, 0.5377356041705753, 0.3936037763965614, 0.23324344202010414, 0.10661542381110341, 0.04009152570074366, 0.010424988823673629, 0.0013940364083853691, 0.0, 0.0, 0.0, 7.883516240524157e-05, 0.000519158386571103, 0.0033178066519571787, 0.012385292435189335, 0.03130669281686692, 0.05577635810391835, 0.09323844271712142, 0.15366030697643152, 0.23926904421979645, 0.3208360372832653, 0.3599243374721807, 0.33335736844382435, 0.2707608073874322, 0.23829514154276604, 0.2796701421436438, 0.4046344500045668, 0.5429569915732936, 0.5984180090275933, 0.5278355421599903, 0.36566296045263114, 0.2045450393935463, 0.0896802849602703, 0.033254017468718304, 0.009010282220267372, 0.001234443274735734, 0.0, 0.0, 0.0, 4.230179446134914e-05, 0.000379274043522778, 0.002287661816381369, 0.00897999798105072, 0.02225218599329903, 0.03916280903143325, 0.0706117897023974, 0.12483836388195914, 0.20729129111806557, 0.28617260093544783, 0.3095645318681545, 0.26974556432036, 0.20847766417182248, 0.19784933831340812, 0.27409880353219973, 0.4346336328108121, 0.5837142898345969, 0.613228444111164, 0.4925005648250982, 0.3099822620884602, 0.15609025664691017, 0.06310802820760572, 0.021351350052156222, 0.006004932004672426, 0.0006148181263189265, 0.0, 0.0, 0.0, 0.0, 0.0004518600772007749, 0.0019997211927183225, 0.006248167322825185, 0.0137509674131972, 0.02549884871820759, 0.05134909075177034, 0.10612991457921764, 0.1937104922871329, 0.2803806200097113, 0.3058914862831635, 0.26696902835662445, 0.22331742209018957, 0.24580034514418722, 0.36291238240822327, 0.5303779761475589, 0.639218089785567, 0.5950290584485873, 0.422099322690588, 0.23025972340394904, 0.10069846031082226, 0.03483408563229168, 0.01111671930355864, 0.0027073148455263444, 0.00026630902422258433, 9.614044195761167e-07, 0.0, 0.0, 2.9322834797071562e-05, 0.0005004110003893687, 0.0014565276956578165, 0.004027323113604352, 0.008697345081695349, 0.018347441943190615, 0.04543885708242606, 0.1030067923222247, 0.20426767421849912, 0.2969941690821965, 0.3370962702315557, 0.3212056972825909, 0.30719611208052794, 0.3681299241932617, 0.49811276312437425, 0.6249652692653496, 0.642569064889999, 0.5166774824663912, 0.321210023602478, 0.15177307010080363, 0.05787125833417465, 0.017463911281600197, 0.006121261939441136, 0.0015964120387061416, 0.000345624888837614, 4.8070220978805836e-05, 0.0, 0.0, 0.00010671589057294896, 0.0006936532887241683, 0.001835801739180595, 0.005027664412173304, 0.011469074023333291, 0.02426536684789146, 0.05571819313653395, 0.12720774507400437, 0.23179845117748055, 0.33536814578736684, 0.40153392075143496, 0.4180965153896822, 0.4370361824553336, 0.5112114176388916, 0.6064601569973482, 0.6485956284941112, 0.5729345427800964, 0.408749260920354, 0.22657802517918232, 0.09508193569165863, 0.031910935494570504, 0.01083550851083263, 0.00486230285200621, 0.0016276576823423656, 0.0003562003374529512, 2.451581269919098e-05, 0.0, 7.691235356608934e-05, 4.374390109071331e-05, 0.0010118781516038628, 0.0036576631142773352, 0.011052305207447042, 0.025377711761341005, 0.05175095779915311, 0.10182714909940457, 0.18980286402376606, 0.2960966980565214, 0.4037331333612164, 0.4848920102485735, 0.5297487369549485, 0.5664325646905031, 0.6188757336717516, 0.642856044109241, 0.5972662465329404, 0.48393829706435404, 0.32100572516331927, 0.16718149873334975, 0.06444582245744596, 0.02209980339279621, 0.01087396468761567, 0.005628061472198588, 0.001961745718145067, 0.00013363521432108026, 0.0, 0.0, 0.00010863869941210119, 0.0004590706103475957, 0.0027693254305890037, 0.01052737839435849, 0.03043614111494076, 0.0638286008200781, 0.1148945579702832, 0.1901951170269533, 0.2904998822279595, 0.39803969638848574, 0.5007373971898174, 0.579065418763736, 0.6231261026106985, 0.6531276889279929, 0.6580140268904893, 0.6194035446981005, 0.5462522052213908, 0.4250652553249804, 0.27300712881377215, 0.13783847444346717, 0.056136884761259324, 0.027057285282340488, 0.016406847122276223, 0.008478625576241773, 0.003226953934307235, 0.00026438621538343214, 0.0, 0.0, 9.565973974782363e-05, 0.0014608540155459095, 0.00726244898547799, 0.028164342471482372, 0.07201832436823723, 0.13364915468516436, 0.21093982089035654, 0.30797244614933517, 0.40852813790385245, 0.5025554129472375, 0.5767489148147664, 0.6207663354628508, 0.6421522960741123, 0.656862264395835, 0.647989943709778, 0.6068105889082838, 0.525148897509485, 0.4020655773954605, 0.25173701743506977, 0.13210802340058397, 0.07076369160069054, 0.04419864538117294, 0.029693936903028004, 0.017079349513769698, 0.005902061731777781, 0.0005090636401655537, 0.0, 0.0, 5.4319349706050596e-05, 0.0020333703474034862, 0.01675727903321173, 0.05912204548404313, 0.13067456941099592, 0.2208740127578375, 0.31882381783309155, 0.4190146566103786, 0.5033639540641006, 0.5601214253781984, 0.5837796653351275, 0.585639982887007, 0.5873258055367325, 0.6133125669978744, 0.6331881612659821, 0.6126573698859348, 0.5315124333626603, 0.3988876550865524, 0.25264939022924704, 0.1531964293439859, 0.10272029380519085, 0.07327199573136464, 0.049921405188699725, 0.02925217157223276, 0.01136716515485822, 0.0011503203880228238, 0.0, 0.0, 8.65263977618505e-06, 0.0029736238697489277, 0.0292564978921208, 0.09612890510457701, 0.19838195636185413, 0.3116262636459347, 0.42123502011738895, 0.516141499502476, 0.5761470756481115, 0.5822409375615962, 0.5540838056232589, 0.5257334313965867, 0.5369193718183539, 0.5903974926572764, 0.6447663546909393, 0.635767128621498, 0.5386244225564758, 0.39659662835470283, 0.26613452932043163, 0.18943031981118033, 0.14527349552225918, 0.10888289613467379, 0.07435742132106596, 0.03965072177436806, 0.013105865047661636, 0.0009623658239956927, 0.0, 0.0, 0.0, 0.0048310572083699885, 0.040521273476294195, 0.1239682928822426, 0.2527743728037926, 0.3925481543438671, 0.5296463473842625, 0.6328353258439986, 0.6588091083454762, 0.6131111527719748, 0.549292165996091, 0.5217931153829534, 0.5477226732811302, 0.6090602752500909, 0.6520105369924475, 0.6140595782318894, 0.49565685553456934, 0.3645462892192921, 0.2715467555004359, 0.21723846194521002, 0.17526354498651692, 0.13159944046262825, 0.08615385354926505, 0.043196381273764795, 0.013002994774766985, 0.0013743276177840588, 0.0, 0.0, 2.4996514908979037e-05, 0.005535766647919282, 0.043759764263636376, 0.1295242490229729, 0.26413721163876286, 0.43915367568944985, 0.6102351114508143, 0.7297011474361853, 0.7382985064582454, 0.6671113162107273, 0.5942556085930363, 0.5701277225771442, 0.5811228242216252, 0.6027702868350144, 0.5883535468612593, 0.5098779497089374, 0.38687682967278725, 0.29253181046873344, 0.24042945935422522, 0.20460128155209217, 0.16574275701945462, 0.12089852857053612, 0.07588413153935286, 0.03791634820145274, 0.010648996053434862, 0.0011493589836032477, 0.0, 0.0, 0.000123540467915531, 0.004162400434554798, 0.03309009801518062, 0.10325819957794334, 0.22915506972585567, 0.40936407904667416, 0.59393113460143, 0.7259819544390551, 0.7466704161439134, 0.6871027597113935, 0.6187055650894883, 0.5799878863043182, 0.5534992717361575, 0.5167202649630611, 0.4436328588802545, 0.34321272514889845, 0.24762845564801117, 0.19528094640651103, 0.17258122665589964, 0.1517673016742862, 0.12100476375889926, 0.08578467425214785, 0.05381365098135365, 0.025770445466737863, 0.006426988544866341, 0.0004970460849208524, 0.0, 0.0, 0.0, 0.002110282700969576, 0.0172980690192233, 0.05883314345596053, 0.1471328516697191, 0.28898422816049735, 0.4515226242495057, 0.579295194420014, 0.6279840791428184, 0.6076244177494539, 0.5536189665863922, 0.49881843396834363, 0.43362127395699834, 0.356880531079802, 0.26330751962466853, 0.18053684822789134, 0.12796485105442024, 0.10521898389166917, 0.09632791581942932, 0.08547558273125422, 0.06830009277552662, 0.04872445668632752, 0.0293992664484279, 0.01287320517812421, 0.002488595340072777, 0.0001408457474679011, 0.0, 0.0, 0.0, 0.0003653336794389244, 0.004921429223810141, 0.021946940090083602, 0.06299362108167623, 0.13624783083127845, 0.2330026102129995, 0.3231188920775481, 0.38063202726543105, 0.3910627845156221, 0.3635680602223749, 0.31219012733801743, 0.2487340707305236, 0.17514096592302084, 0.1116031899398646, 0.06950617461988493, 0.04572247138620103, 0.03629493964783762, 0.032915122410817746, 0.029382922573295122, 0.025077272880223447, 0.016938984468511612, 0.008666580140268916, 0.0028380658465886966, 0.0003855231722500227, 4.037898562219691e-05, 0.0, 0.0, 0.0, 6.249128727244759e-05, 0.0010599483725826685, 0.004573881526133377, 0.013962476385503953, 0.03354243879459117, 0.06304457551591376, 0.09732008518043164, 0.12876810444697648, 0.1447154002566956, 0.13872921563820467, 0.11691687216686164, 0.0847742382071732, 0.053164222295929965, 0.02831191804988733, 0.01480658946589179, 0.00835123949064795, 0.005249268130885598, 0.004140288132904546, 0.004060491566079729, 0.0032158977834821118, 0.00241649000860457, 0.000954674588639084, 0.00020477914136971288, 0.0, 0.0, 0.0, 0.0, 0.0, 0.0, 0.00027255815294982913, 0.0008883376836883321, 0.002159314326367958, 0.004017709069408592, 0.005625657961149647, 0.006736080065760061, 0.006241437491888153, 0.0053333910175985075, 0.0042316215527642784, 0.00336443476630662, 0.0021247037672632177, 0.0014127837945671034, 0.0007220147191016637, 0.0005528075412562671, 0.00039513721644578403, 0.0002994774766979604, 0.00019468439496416368, 0.00016584226237688015, 0.00012065625465680265, 0.00015334400492239062, 0.00011681063697849819, 0.0, 0.0, 0.0, 0.0, 0.0, 0.0, 0.0, 0.0, 3.364915468516409e-05, 9.46983353282475e-05, 0.00013171240548192798, 5.576145633541478e-05, 0.0, 0.0, 0.0, 0.0, 0.0, 0.0, 0.0, 0.0, 0.0, 0.0, 0.0, 0.0, 0.0, 0.0, 0.0, 0.0, 0.0, 0.0, 0.0, 0.0, 0.0, 0.0, 0.0, 0.0, 0.0, 0.0, 0.0, 0.0, 0.0, 0.0, 0.0, 0.0, 0.0, 0.0, 0.0, 0.0, 0.0, 0.0, 0.0, 0.0, 0.0, 0.0, 0.0, 0.0, 0.0, 0.0, 0.0, 0.0]