[90.73595868  0.          0.35506779  0.48418334  0.3227889   2.00129116
  3.19561007  0.48418334  1.22659781  1.19431892]
[1.58263622e-01 1.01740900e-01 7.80013565e-01 5.42618132e-01
 2.19421207e+01 3.99050418e+00 1.13045444e-02 4.26407416e+01
 2.02351345e+00 2.78091793e+01]
[ 2.71805897  0.15356265  2.42628993 15.86302211  0.30712531 22.74262899
  1.38206388  0.16891892 53.17874693  1.05958231]
[3.18404479e+00 1.39958013e-01 3.70888733e+00 9.62211337e-01
 2.88663401e+00 2.11686494e+00 8.59692092e+01 6.99790063e-02
 8.22253324e-01 1.39958013e-01]
[78.11131957  0.          3.0956848   3.97123202  0.37523452  8.59912445
  3.8148843   0.43777361  1.00062539  0.59412133]
[ 0.42543663  0.06717421  1.93685625  1.95924765 35.69189431  4.22077922
  0.91804747 20.09628303  2.19435737 32.48992387]
[ 0.36324786  0.19230769 89.61538462  4.63675214  0.79059829  0.2991453
  1.83760684  0.83333333  1.15384615  0.27777778]
[ 0.37426484 53.05649617  6.25556942  1.90696845  5.50703974 14.27553021
  3.99215826  5.04366423  7.50311887  2.08518981]
[2.17859064e+00 6.72404519e-02 4.41097364e+00 5.28240990e+01
 1.34480904e-02 2.38031200e+01 3.89994621e-01 6.72404519e-02
 1.51156536e+01 1.12963959e+00]
[5.02428404e-02 6.22676269e+01 6.07938369e+00 7.13448334e+00
 2.66287054e+00 2.79685145e+00 4.53860325e+00 5.47646960e+00
 4.97404120e+00 4.01942723e+00]
