[ 0.4252462   0.06714414  1.62264996  2.08146822 35.54162936  4.50984781
  0.57072516 20.24395703  2.4171889  32.52014324]
[ 2.22039474  0.10279605 39.38116776  1.45970395  2.65213816  1.28495066
 51.46998355  0.21587171  0.85320724  0.35978618]
[ 8.51600903  0.07971303  4.19821974 17.19144413  0.2391391  24.85718082
  2.67038661  0.19928258 41.25149462  0.79713033]
[93.13415117  0.          1.52354571  0.61337554  0.15829046  1.2465374
  1.48397309  0.41551247  0.61337554  0.81123862]
[ 0.42681842 53.10332563 10.03023297  1.7961942   5.1929575  12.37773431
  2.79210386  5.15738929  7.20256091  1.92068291]
[1.36317165e-01 1.02237873e-01 8.40622515e-01 4.65750312e-01
 2.17653073e+01 3.37384982e+00 2.27195274e-02 4.28149494e+01
 2.71498353e+00 2.77632625e+01]
[ 0.0968523  60.          5.42372881  7.44148507  2.80871671  3.01856336
  5.87570621  5.42372881  5.63357546  4.27764326]
[ 3.43004672  0.09835259  7.56085567 47.63953774  0.         21.8711581
  0.74993853  0.0491763  17.49446767  1.10646668]
