[ 1.05064089  0.18911536 88.23282202  4.53876865  0.92456398  0.29417945
  2.4795125   0.81949989  1.09266653  0.37823072]
[1.70299728e-01 1.02179837e-01 8.40145322e-01 5.10899183e-01
 2.19232516e+01 3.25840145e+00 1.13533152e-02 4.28247048e+01
 2.62261580e+00 2.77361490e+01]
[ 0.6202116  54.59686246  6.42101423  1.51404597  5.54542138 13.31630792
  3.48412988  5.14410799  7.29660708  2.0612915 ]
[ 3.82428941  0.13781223  3.4625323   1.03359173  2.79069767  2.11886305
 85.42635659  0.08613264  0.98191214  0.13781223]
[93.47133758  0.          1.13455414  0.61703822  0.27866242  1.27388535
  1.3933121   0.41799363  0.59713376  0.8160828 ]
[ 0.47814967  0.06671856  1.94595797  2.00155677 35.57211164  4.37006561
  0.92294006 19.98220838  2.3796286  32.28066274]
[ 3.23620423  0.06446622  5.11861784 49.74213512  0.         22.7694688
  0.42547705  0.06446622 17.44455905  1.13460547]
[ 0.06538084 60.55900621  5.94965675  7.40438052  2.74599542  2.72965021
  4.93625368  5.55737169  5.7208238   4.33148088]
[ 8.38042729  0.09648518  1.91592006 16.60923501  0.27567195 25.87181254
  2.2191592   0.05513439 43.61130255  0.96485183]
