[5.82914573e-01 5.82914573e-01 2.61306533e-01 1.42713568e+00
 1.26633166e+00 8.04020101e-02 6.83417085e-01 1.10552764e+00
 0.00000000e+00 9.40100503e+01]
[ 1.44465291  7.39212008  4.42776735  3.80863039 13.54596623  4.35272045
  1.63227017  6.94183865 55.85365854  0.60037523]
[ 0.10729614  0.94420601  0.64377682  1.99570815  0.30042918  0.32188841
  4.57081545 90.08583691  0.19313305  0.83690987]
[1.13314448e+00 1.75251095e+01 3.86299253e-02 4.24929178e-01
 2.28174092e+01 0.00000000e+00 4.99484934e+01 5.03476693e+00
 7.72598506e-02 3.00025753e+00]
[26.30323054  2.49632893 10.70117474  9.23274596  3.50587372 40.67547724
  1.3215859   4.12995595  0.07342144  1.56020558]
[0. 0. 0. 0. 0. 0. 0. 0. 0. 0.]
[1.47438260e-01 1.01363804e+00 3.68595651e-02 8.55141909e+01
 2.48802064e+00 2.26686325e+00 1.12421673e+00 2.96719499e+00
 1.84297825e-01 4.25727976e+00]
[2.53805576e+01 3.52675207e+00 4.19743783e+01 1.50715901e-02
 4.06932931e+00 2.31348907e+01 5.12434062e-01 8.74152223e-01
 1.05501130e-01 4.06932931e-01]
[6.20329903e-01 4.38601438e+01 4.22952206e-02 1.84689130e+00
 2.59128718e+01 1.83279289e-01 1.72282532e+01 1.95967856e+00
 8.45904413e-02 8.26166643e+00]
[3.40392922e+01 2.92601365e+00 3.33286889e+01 1.39333984e-02
 4.19395291e+00 2.23909712e+01 2.24327714e+00 5.57335934e-01
 1.25400585e-01 1.81134179e-01]
