[ 0.91125198  0.65372425  0.41600634  1.48573693  1.28763867  0.17828843
  0.57448494  1.50554675  0.         92.98732171]
[ 2.34274119  5.9306401   4.30732337  4.52868474  7.57240362  2.90536801
  4.12285556  7.05589375 61.03117506  0.20291459]
[0. 0. 0. 0. 0. 0. 0. 0. 0. 0.]
[1.13281702e+00 1.78476477e+01 4.62374292e-02 7.62917582e-01
 2.20321350e+01 1.15593573e-02 4.73355681e+01 7.46734482e+00
 1.73390359e-01 3.19038261e+00]
[32.2379231   2.57421404 20.53894183  0.50388871  4.7212181  35.03121919
  2.22368277  1.54452843  0.18621974  0.43816409]
[0. 0. 0. 0. 0. 0. 0. 0. 0. 0.]
[ 0.35978618  0.86348684  0.26726974 51.32606908  1.16159539  2.81661184
  1.41858553 39.56620066  0.16447368  2.05592105]
