inertia: 451.88357820613015

[
    {
        "4.0": 3198,
        "7.0": 1875,
        "3.0": 203,
        "5.0": 431,
        "9.0": 2943,
        "1.0": 17,
        "8.0": 235,
        "2.0": 141,
        "0.0": 40,
        "6.0": 46
    },
    {
        "5.0": 1850,
        "3.0": 1172,
        "8.0": 3066,
        "0.0": 678,
        "6.0": 245,
        "2.0": 405,
        "1.0": 67,
        "9.0": 69,
        "4.0": 45,
        "7.0": 43
    },
    {
        "3.0": 4095,
        "2.0": 646,
        "9.0": 98,
        "0.0": 276,
        "5.0": 1906,
        "8.0": 1544,
        "6.0": 66,
        "1.0": 15,
        "7.0": 4,
        "4.0": 1
    },
    {
        "2.0": 3849,
        "6.0": 4993,
        "4.0": 274,
        "0.0": 200,
        "5.0": 113,
        "8.0": 84,
        "9.0": 35,
        "3.0": 138,
        "7.0": 26,
        "1.0": 16
    },
    {
        "0.0": 4694,
        "5.0": 65,
        "6.0": 75,
        "3.0": 29,
        "9.0": 46,
        "2.0": 76,
        "7.0": 21,
        "8.0": 33,
        "4.0": 9
    },
    {
        "9.0": 2504,
        "4.0": 2000,
        "7.0": 3829,
        "2.0": 76,
        "5.0": 235,
        "8.0": 246,
        "0.0": 13,
        "3.0": 47,
        "1.0": 10,
        "6.0": 2
    },
    {
        "1.0": 6617,
        "5.0": 821,
        "6.0": 491,
        "7.0": 467,
        "4.0": 315,
        "2.0": 765,
        "8.0": 643,
        "0.0": 22,
        "9.0": 254,
        "3.0": 447
    }
][0.0, 0.0, 0.0, 0.0, 0.0, 0.0, 0.0, 0.0, 0.0, 0.0, 0.0, 0.0, 0.0, 0.0, 0.0, 0.0, 0.0, 0.0, 0.0, 0.0, 0.0, 0.0, 0.0, 0.0, 0.0, 0.0, 0.0, 0.0, 0.0, 0.0, 0.0, 0.0, 0.0, 0.0, 4.905726144292898e-05, 7.014327732629318e-05, 0.0001097333479644464, 2.452863072146449e-05, 0.0, 0.0, 0.0, 0.0, 0.0, 0.0, 0.0, 0.0, 0.0, 0.0, 0.0, 0.0, 0.0, 0.0, 0.0, 0.0, 0.0, 0.0, 0.0, 0.0, 0.0, 0.0, 0.0, 0.0, 2.022536217383914e-05, 0.0003984826675101073, 0.0005826625613484722, 0.000382130247029131, 0.0002986468372051992, 0.00024098303866701952, 0.00022032734963841786, 0.00020053231431934126, 9.854484974062049e-05, 0.0, 0.0, 0.0, 0.0, 0.00015879060940737538, 0.00013469230554067341, 7.65981801477312e-05, 8.047112184059402e-05, 0.0, 0.0, 0.0, 0.0, 0.0, 0.0, 0.0, 0.0, 0.0, 0.0, 1.8934381609551534e-05, 0.00025260186374560795, 0.0008804487448441464, 0.0011786652551945829, 0.0013331525960543328, 0.0016537461028524212, 0.0012668822604209025, 0.000827948868563117, 0.0006287075348080633, 0.0005357569341793559, 0.0008034202378416525, 0.0011816775431779212, 0.001089587596258738, 0.001029772163446746, 0.0011360628965730922, 0.0011894234265636464, 0.0007431744781748978, 0.0004548554854839994, 0.0003326426587314395, 0.00011877021191445962, 0.0, 0.0, 0.0, 0.0, 0.0, 0.0, 0.0, 6.54096819239053e-05, 0.0006231132856961506, 0.0014605293450640437, 0.003148271269442706, 0.0053717701280007225, 0.00705865139866986, 0.007855186406835312, 0.008120267749369036, 0.008672377104029365, 0.006962258183203052, 0.00613516996834946, 0.007648629516549297, 0.011363210926859494, 0.014817874916893129, 0.016626538687460064, 0.014445642187523528, 0.011798271377024421, 0.007681764684366014, 0.004198268795063289, 0.0022996667118509867, 0.0006928262361676811, 0.00019622904577171592, 7.487687272868108e-05, 0.0, 0.0, 0.0, 0.0, 8.434406353345685e-05, 0.0009230511034656371, 0.0036375529033077073, 0.009292908428596935, 0.016438916178783597, 0.02484276932544118, 0.03746253466820727, 0.045569462285078605, 0.04993254626551609, 0.050657647015790966, 0.04618526001424388, 0.04354004083801852, 0.04649423469596339, 0.05903826251229121, 0.07036919892504356, 0.07241325148516561, 0.05923406123120821, 0.044619300589762996, 0.02865374395121818, 0.01754657750294238, 0.009146597297977685, 0.0038441097935937225, 0.0009398338508013761, 0.00024313467294083223, 0.0, 0.0, 0.0, 0.00022721257931461843, 0.0012229889212351244, 0.004783082990685579, 0.013127120704531132, 0.02706928047198253, 0.04757693706254595, 0.07485019246368586, 0.11432321419734356, 0.15301433203589793, 0.18260963114533615, 0.21054085630740826, 0.22633256089662912, 0.23041205947977764, 0.22979712240432215, 0.22117939681084803, 0.20345079104834068, 0.1745336870620078, 0.13052846289399142, 0.08969819026041252, 0.05900426669076508, 0.03651280329974634, 0.02064105791553975, 0.009402211449706621, 0.0025707726303513825, 0.0007750186654273254, 0.00014114720836211144, 2.022536217383914e-05, 0.00024485598035988234, 0.0017987662529073954, 0.006343878492909292, 0.017876638200545247, 0.039435152970438744, 0.07096907456058252, 0.11783339035164181, 0.18574628358969994, 0.27074487426925087, 0.35132788109208435, 0.40918790867603594, 0.43555962931644937, 0.4359396079292056, 0.4241563979920973, 0.4202365506720663, 0.41406092997936755, 0.3852935797384906, 0.31343846218395205, 0.22204392346206583, 0.144948715797084, 0.0881180300497244, 0.052625531722619974, 0.02904663236961639, 0.013666320253548586, 0.00489927124147146, 0.001590488055202329, 0.00016911845392167618, 8.219242925964416e-05, 0.0011098129584325774, 0.006775496328236113, 0.018881881733270527, 0.04171201235898735, 0.07899424007504913, 0.131717886320555, 0.21474385869787424, 0.33205956584323665, 0.45949656061261407, 0.5496194834786834, 0.5658522730940359, 0.5270466883121124, 0.4771261911985271, 0.4483063410813698, 0.4611262084116018, 0.5040272138702979, 0.5177542102103713, 0.44932277311231816, 0.32067440824678334, 0.19839358985117203, 0.11346169983410925, 0.06128069575245885, 0.029405524966488343, 0.012701097118316225, 0.004960807981702502, 0.0010925998842420763, 1.0327844514300836e-05, 4.6475300314353766e-05, 0.0017996269066169203, 0.011193662146083066, 0.02868946108016347, 0.05920221704395583, 0.10857576872513554, 0.18600706166368736, 0.3057407754059601, 0.45704929178958126, 0.58785015158264, 0.6175078480860224, 0.5451681824930178, 0.4397755415125582, 0.3597248490090666, 0.3322928029985193, 0.37785365874650206, 0.4832191891351116, 0.5687673072081956, 0.5332425343669825, 0.3948623276809918, 0.23815579123123046, 0.12566576943517435, 0.059618343112511255, 0.024067320333159045, 0.009363482032777998, 0.003523085959940872, 0.00048454803846261423, 0.0, 8.004079498583148e-05, 0.002411982020944008, 0.011403661651207176, 0.029560012307348088, 0.06384673478740802, 0.12280151388987537, 0.219399995266405, 0.3653793438806457, 0.525175627147605, 0.6056480399687665, 0.5485613097428197, 0.40438460032317664, 0.27838403659499633, 0.20935143288084504, 0.20173981147380504, 0.2798480085548983, 0.43894458035601186, 0.580319861951152, 0.57207307810648, 0.43578512058834507, 0.25557284035088845, 0.12381235167171264, 0.05119598591109884, 0.016627829668024355, 0.005404044642107913, 0.001565959424480864, 0.00011274563594778416, 0.0, 0.00014329884263592415, 0.0018775160673289396, 0.008952950213334539, 0.02386721834569455, 0.056791526003576114, 0.1217433401540143, 0.23224051828566458, 0.396840109905481, 0.5408236025673343, 0.559491611853788, 0.43307061878850245, 0.26116278619425376, 0.15247168987204215, 0.1130911884121586, 0.13050866785867193, 0.23097277537153357, 0.424193836428461, 0.5932115938661285, 0.5960526117612707, 0.44950049810333687, 0.25578757345141523, 0.11569552653718165, 0.04423544903531483, 0.01388406564205843, 0.00390607686067953, 0.0010207352994967328, 0.0003059623937361623, 0.0, 9.811452288585795e-05, 0.0011154072075444906, 0.005305930119222055, 0.017042234429160665, 0.04928877729079132, 0.11930510819492961, 0.24142928761540916, 0.41006792709402545, 0.5362982853626521, 0.515649051236873, 0.3556987109559072, 0.1916142205812421, 0.10843031824822548, 0.09701848038677792, 0.13841979675662652, 0.2598210270611051, 0.4622911032074436, 0.6288478213627262, 0.6106338069080445, 0.4446799766762863, 0.2426832600701868, 0.10615216787911276, 0.03879654791797113, 0.014115581489920672, 0.00498920955411683, 0.0006657156443176414, 0.00011274563594778413, 2.4958957576227022e-05, 0.0, 0.0004440973141149359, 0.0028276777626446165, 0.01210122148277725, 0.044295264468126865, 0.11866047856649561, 0.250714019833765, 0.417268156027913, 0.5313538298014305, 0.5053595058126452, 0.35931517784333245, 0.22619657761052375, 0.17278526905110814, 0.18087842620862687, 0.23514737618958537, 0.35707919950598654, 0.5411652820900151, 0.6801638684663052, 0.6235023011728605, 0.4367107536529385, 0.2304688626246072, 0.10029800134692321, 0.039702385947246316, 0.018155490002431333, 0.0082321527316073, 0.0011765136209207702, 0.00019795035319076606, 0.00010456942570729597, 0.0, 0.00014415949634544918, 0.00126128801130899, 0.009227498746673038, 0.04026869608811375, 0.11525702347217838, 0.2475536994123894, 0.4057646585464003, 0.524758210098484, 0.5295800225060998, 0.4425292030561845, 0.3575267394349383, 0.33291591628421463, 0.34960356138505105, 0.39276663589829813, 0.4852214999903219, 0.635259691498685, 0.7319334800748029, 0.639681299931369, 0.430326854762536, 0.227605898059872, 0.10476737606048703, 0.04990113240511835, 0.02697374791022523, 0.011450997605231054, 0.002020814909964863, 0.00020053231431934126, 1.1618825078588442e-05, 3.0122879833377443e-06, 2.581961128575209e-06, 0.0005034824200721658, 0.007602154216234945, 0.03259381663342396, 0.10143191260922263, 0.21887542683044975, 0.3602171429309148, 0.48218984729851927, 0.5341707493927053, 0.5206055559500256, 0.49368129562809804, 0.4868799796885759, 0.4932324647185805, 0.5061478646105695, 0.5637819705957712, 0.6938112543382422, 0.7666647301958328, 0.6456081917020156, 0.4142885728855369, 0.21844423932197715, 0.1058419022168288, 0.05502288263050204, 0.029177021406609445, 0.013113350245178726, 0.0031426770203307926, 0.00041010149258869575, 0.0, 1.7213074190501395e-05, 0.0, 8.047112184059402e-05, 0.004955213732590588, 0.02243810286102813, 0.07721397787689653, 0.16478592314792756, 0.26882776813128423, 0.37408442582563756, 0.451014387978391, 0.4833900288964523, 0.4914431656564786, 0.4881752635214102, 0.478893113264183, 0.4759384890793834, 0.5423400744035176, 0.7036644483317412, 0.7702553774719729, 0.6207034553094873, 0.36974931309075854, 0.18673818698992836, 0.09184164832398464, 0.049451440841891556, 0.02668499859067956, 0.011407104266045274, 0.002640485580822914, 0.0007565146106725363, 1.764340104526393e-05, 0.0, 2.7540918704802233e-05, 7.53071995834436e-05, 0.002247166835569956, 0.013162837833476429, 0.046766631595028155, 0.098638660994959, 0.16056742899069026, 0.22493098633066744, 0.28290935379967935, 0.31805457835499, 0.331589218590982, 0.32825461579342713, 0.31519720803936724, 0.3220006756131628, 0.45649158818580804, 0.6803803228742492, 0.7391836269238424, 0.55490346692831, 0.30525450606007754, 0.1479153891338167, 0.07031799002932686, 0.03715011737164966, 0.019563089144359617, 0.008642254224195994, 0.002138294141315035, 0.0005086463423293162, 4.389333918577856e-05, 0.0, 1.8073727900026466e-05, 7.573752643820613e-05, 0.001408890122492539, 0.006588734473269176, 0.02262959831139746, 0.04579968715237672, 0.0730264672532023, 0.09993996940376082, 0.1269076927380194, 0.14628100773942876, 0.15497619216676042, 0.1533482656751939, 0.14854237536120582, 0.19183799054571876, 0.40524826632068484, 0.654660117091945, 0.6883912876025106, 0.4798019635814407, 0.24965412479048446, 0.1170605233204885, 0.05452327315212283, 0.028408457644003533, 0.014366892373101995, 0.0057818716205894185, 0.0017010820568763004, 4.5614646604828695e-05, 0.0, 0.0, 0.0, 9.467190804775768e-05, 0.0009260633914489749, 0.0028573703156232312, 0.008473566097129077, 0.015462074218472656, 0.023122322560100547, 0.03271344749904795, 0.042438404089826506, 0.04987402181326836, 0.05464462532516586, 0.05699248864475016, 0.06507962122630255, 0.1574527232159185, 0.4164974406310334, 0.6390835759301073, 0.6272844438993728, 0.4165017438995798, 0.21952694168856013, 0.10469852376372497, 0.04924961754700794, 0.02482426527068636, 0.011256489866878387, 0.003948679219301018, 0.00126645193356614, 0.0001097333479644464, 0.0, 0.0, 0.0, 8.821700522631966e-05, 0.0005215561479721923, 0.001093460537951601, 0.003325565933604869, 0.005862342742430014, 0.007975247599314068, 0.010891572694039765, 0.01481959622431218, 0.018753644330551298, 0.023069822683819498, 0.026255962716481337, 0.04871816388137621, 0.19092612794047734, 0.4489557043052081, 0.626384200119209, 0.5664280504257052, 0.37400180306952213, 0.20652074283021712, 0.10333653926840161, 0.049285765002807964, 0.02444213502365724, 0.010371737853486617, 0.003490811445833683, 0.0009591985592656904, 0.00013254067126686076, 0.0, 0.0, 0.0, 1.4631113061926186e-05, 4.9487588297691516e-05, 0.0002569051322932333, 0.001515611182473648, 0.002613805315827636, 0.00508388146216459, 0.007185597820824811, 0.0107418189485824, 0.015305865570193852, 0.017924834808278653, 0.02444213502365726, 0.07173548668891461, 0.24960162491420476, 0.482760460707933, 0.6012479478788193, 0.5103207441212005, 0.34181034204530053, 0.19935709167898516, 0.10448680295118196, 0.0495004981033345, 0.02387195194109688, 0.009501186626302009, 0.0028134769764374527, 0.000622682958841388, 2.1086015883364212e-05, 0.0, 0.0, 0.0, 0.0, 0.0, 0.00013770459352401116, 0.0009630715009585532, 0.0021004253780959317, 0.004482284519206562, 0.007202380568160547, 0.01053999565369877, 0.014775702885126404, 0.019970608675819727, 0.036166820508517314, 0.11570929699653391, 0.3044218235961138, 0.502166910877161, 0.5585758763068532, 0.46479603582901574, 0.3165325122696952, 0.19373401066780313, 0.106557966103154, 0.052271372721150476, 0.023743714538377623, 0.009996492836133688, 0.0027592557927373735, 0.0005460847786936568, 2.7540918704802233e-05, 0.0, 0.0, 0.0, 0.0, 0.0, 0.00010930302110968386, 0.0004574374466125746, 0.0017862867741192821, 0.0038432491398841984, 0.007208835470981988, 0.011476817216516808, 0.018008318218102563, 0.02737782482684727, 0.060548279445653046, 0.16022230685317043, 0.3363051705923248, 0.48599910061687757, 0.5003487799157883, 0.4133926323739213, 0.2875689329830476, 0.18153123204730176, 0.102701376830772, 0.04919926930500073, 0.022548266535847336, 0.009588112650964046, 0.002440383593358335, 0.0003300606976028643, 2.7540918704802233e-05, 0.0, 0.0, 0.0, 0.0, 0.0, 0.00014631113061926184, 0.00044366698726017346, 0.0013985622779782384, 0.0034938237338170207, 0.006333980975249753, 0.011166981881087779, 0.019710691255543145, 0.03465723390201033, 0.07596904228606843, 0.17212815994388553, 0.30992140079997776, 0.4044951943248522, 0.3951287000040894, 0.3218410243500456, 0.2247739170286795, 0.14147554775229557, 0.0786405114004344, 0.03780722647887206, 0.016488403767081296, 0.006856397776931468, 0.0015018407231212466, 0.00023151584786224377, 4.2172031766728424e-05, 0.0, 0.0, 0.0, 1.5491766771451255e-05, 0.0, 0.00014846276489307455, 0.0002887493195456609, 0.0007436048050296603, 0.001889995546117053, 0.0038544376381080257, 0.006387771832095071, 0.012461405060213492, 0.026163442442707404, 0.060851659878260654, 0.12738277358567743, 0.2080780957176028, 0.2502522791186053, 0.23767898907615334, 0.18779808203320883, 0.12844869320492408, 0.07789389430742134, 0.040946030557510005, 0.019379339577376024, 0.008250226459507319, 0.0029791528155210284, 0.0006700189128652668, 9.208994691918246e-05, 4.475399289530363e-05, 0.0, 0.0, 0.0, 0.0, 0.0, 0.0, 0.0, 0.0, 2.2376996447651815e-05, 0.00023495846270034403, 0.0005267200702293427, 0.001751430298883517, 0.006637791734712104, 0.02340848991851761, 0.05403140955712917, 0.08677153732117242, 0.09572190557337831, 0.08619016574038822, 0.06551941527186989, 0.04337565597949927, 0.025844139916473573, 0.013659865350727147, 0.005794781426232296, 0.0016877419243786615, 0.0003193025262338009, 1.2049151933350977e-05, 0.0, 0.0, 0.0, 0.0, 0.0, 0.0, 0.0, 0.0, 0.0, 1.764340104526393e-05, 0.00010026615715967063, 9.12292932096574e-05, 1.7213074190501395e-05, 0.0004677652911268755, 0.0016679468890595849, 0.004669046374173506, 0.008924548640920219, 0.014248122161187536, 0.014347527664637687, 0.012106815731889164, 0.008836761962548657, 0.005092487999259838, 0.0022936421358843106, 0.0011782349283398204, 0.0004978881709602527, 0.00039030645726961913, 5.163922257150419e-05, 0.0, 0.0, 0.0, 0.0][0.0, 0.0, 0.0, 0.0, 0.0, 0.0, 0.0, 0.0, 0.0, 0.0, 0.0, 0.0, 0.0, 0.0, 0.0, 0.0, 0.0, 0.0, 0.0, 0.0, 0.0, 0.0, 0.0, 0.0, 0.0, 0.0, 0.0, 0.0, 0.0, 0.0, 0.0, 0.0, 0.0, 0.0, 0.0, 0.0, 0.0, 0.0, 0.0, 0.0, 0.0, 0.0, 0.0, 0.0, 0.0, 0.0, 0.0, 0.0, 0.0, 0.0, 0.0, 0.0, 0.0, 0.0, 0.0, 0.0, 0.0, 0.0, 0.0, 0.0, 0.0, 0.0, 0.0, 0.0, 0.0, 0.0, 0.0, 0.0, 0.0, 0.0, 0.0, 0.0, 0.0, 0.0, 2.5108697601606957e-05, 0.00017883541761144547, 0.0003223136896206281, 0.00015167703040970732, 0.0, 0.0, 0.0, 0.0, 0.0, 0.0, 0.0, 0.0, 0.0, 0.0, 0.0, 0.0, 0.0, 0.0, 5.17546624033123e-05, 0.00015013976320960894, 0.00020548138241315082, 0.0011529504000737886, 0.0025487890177631222, 0.003934379187451799, 0.005202112205132936, 0.0063858079492086954, 0.008442671462940332, 0.010949954266300794, 0.013423929613659137, 0.015180513600971562, 0.01393225263449167, 0.01086745425989552, 0.006516988083617088, 0.0038652021634473736, 0.002012795187328819, 0.0004094254976262032, 2.408385280154137e-05, 0.0, 0.0, 0.0, 0.0, 0.0, 6.1490688003935404e-06, 0.00024442548481564324, 0.00012656833280810039, 0.0004309472384275807, 0.0011119566080711651, 0.0026804815745715507, 0.006246941478799804, 0.01356945757526845, 0.025941384001660312, 0.04928786096955449, 0.08132912122120499, 0.12279895363345936, 0.15909485707258225, 0.17657512240490114, 0.1750660384368041, 0.14987074144959192, 0.11157434096074069, 0.07779186939377873, 0.05051306292803288, 0.029010794177856698, 0.013741631501679473, 0.004031227021057997, 0.0005616149504359435, 0.0, 0.0, 0.0, 0.0, 3.279503360209888e-05, 0.00011529504000737888, 0.0005411180544346314, 0.000904425536057883, 0.00215422376973787, 0.0044560251906851835, 0.010142888986249154, 0.02584812312485434, 0.05825730265972865, 0.12311153129747937, 0.22326858876308833, 0.33445963776860443, 0.4408036832922101, 0.5130224466632349, 0.544329405615639, 0.5234697145551023, 0.4546503613858978, 0.35149102107849606, 0.2482271466014871, 0.1616205870823437, 0.09681298888299619, 0.04858071805750917, 0.014938650228156101, 0.002800388416179225, 3.3307456002131676e-05, 0.0, 3.586956800229565e-06, 3.381987840216448e-05, 3.689441280236124e-05, 0.00044734475522863003, 0.0008731677696558826, 0.0020066461185284253, 0.004153695974665836, 0.012152609639177771, 0.03236818574287162, 0.08014440063232935, 0.17514238937440946, 0.319503565178848, 0.4810119317555868, 0.612660932660015, 0.6941468551356332, 0.7329720755413194, 0.74564274422693, 0.731731500910839, 0.6717714186157988, 0.5557461766883708, 0.4123160723847894, 0.2738344311983257, 0.16758210928432524, 0.08843693233206015, 0.03129978503880319, 0.005579255091557074, 0.0002710714496173486, 0.0, 0.0001834472192117406, 9.736025600623106e-06, 5.226708480334509e-05, 0.0005938975616380096, 0.0013102640768838567, 0.003289239385810511, 0.009428059738203397, 0.02806793696179639, 0.07387644983512832, 0.17177833631819392, 0.3373599485527909, 0.516870226465084, 0.6598002065062372, 0.7236342021455228, 0.7231058946510889, 0.6976364516798568, 0.6890374913849052, 0.7046228186819037, 0.6989836101695434, 0.6221243495438219, 0.48153665229322046, 0.3263546526672881, 0.20137790383368917, 0.10637427844520818, 0.03807298432243671, 0.0063468638468061975, 0.0004032764288258097, 0.0, 6.661491200426335e-06, 0.0, 0.00025364908801623357, 0.0006492391808415512, 0.00147218955529422, 0.005313307865940052, 0.01655278078825939, 0.04889124603192908, 0.12861546029623164, 0.27649287860969607, 0.4645549739561349, 0.623070281294284, 0.6769817295793357, 0.6309180303507845, 0.5480880239198801, 0.49288065938514664, 0.4974950230974417, 0.5636359443816764, 0.6176068336651314, 0.580193336971536, 0.4535548022946294, 0.30140634327689103, 0.1762522962928809, 0.08976308150334493, 0.03243890003407611, 0.005214410342733722, 0.00038431680002459626, 0.0, 0.0, 1.844720640118062e-05, 0.0002854192768182668, 0.0008916149760570634, 0.0018447206401180616, 0.00724001609006336, 0.023018526631873204, 0.07046217938370976, 0.17789768461938538, 0.3499824495327993, 0.5284484105938255, 0.61881563810681, 0.5686049043947939, 0.44473293825566507, 0.3421854302938997, 0.3143429591881182, 0.36545145694498926, 0.4719061857070037, 0.5459742815197467, 0.5072679431108685, 0.37402838307673897, 0.23179171054283498, 0.12575563088164865, 0.05878253561976219, 0.019840482906869825, 0.0031549847170019188, 0.0003033540608194147, 0.0, 0.0, 0.0, 0.00021060560641347875, 0.0007906677632506028, 0.0020860715905335085, 0.008506211840544398, 0.029232673077070944, 0.08746076765999787, 0.2110401406087068, 0.3959882450301437, 0.5557446394211718, 0.5740499048175427, 0.45732674358127107, 0.31724019543790266, 0.24696914960940633, 0.2672364803755026, 0.3656323420522016, 0.4800234689459242, 0.5136419653448764, 0.42896262647225436, 0.2811723199667959, 0.1534413007330206, 0.07345267651030105, 0.03121779745479802, 0.010312500800660004, 0.001562375897699992, 0.0001972826240126261, 0.0, 0.0, 0.0, 0.00015013976320960894, 0.0007563354624484054, 0.002249021913743937, 0.00880854105656375, 0.03137921051080832, 0.09779427777905904, 0.24060127644419899, 0.4378762141208256, 0.5783475914866201, 0.5604773727078743, 0.43034872906434246, 0.31194328508876334, 0.29028319023937843, 0.35819658060532533, 0.4550336533411253, 0.5105822911942814, 0.46616807967143775, 0.3334896221653439, 0.18604315109030742, 0.08725118689838415, 0.03586751831269556, 0.01445594832732519, 0.004132174233864458, 0.0007425000576475199, 1.5372672000983852e-05, 0.0, 0.0, 3.12577664020005e-05, 0.00027465840641757814, 0.0008152640384521769, 0.0022454349569437076, 0.008320714931732531, 0.033147580213321516, 0.11074267940548758, 0.2674604089643184, 0.4731775056814859, 0.6036704816514405, 0.5994686179711713, 0.5050112348611221, 0.427031306446531, 0.44283748779794335, 0.503122445894603, 0.5340169048149823, 0.4906403486522042, 0.3720483829230119, 0.2273218499473484, 0.10680010145963545, 0.042497239324319924, 0.015974768321022407, 0.006879270720440271, 0.0019031367937218002, 0.0005108851328326966, 0.00010043479040642782, 0.0, 0.0, 8.864907520567354e-05, 0.0003120652416199722, 0.0007988665216511275, 0.0022715684993453796, 0.008439596928540138, 0.03689492522476135, 0.11977104967166552, 0.2884743391672631, 0.48326146609173126, 0.6199178586892795, 0.6604935140134783, 0.6247771603087915, 0.5913277633018517, 0.6053829973123518, 0.6057775625603765, 0.5398949021657585, 0.4163908553098506, 0.27175297140939353, 0.14386925030040787, 0.05794728710770866, 0.01977643010686573, 0.007545932262882938, 0.002970000230590079, 0.0010315062912660165, 0.00038329195522453067, 2.613354240167255e-05, 0.0, 3.12577664020005e-05, 6.661491200426335e-06, 0.00035920810242298933, 0.0007553106176483398, 0.0022787424129458384, 0.009789317530226528, 0.0392069750937093, 0.12458833265437382, 0.2840526462773801, 0.45379154144344414, 0.5913077788282499, 0.6641465733033128, 0.6805773975603653, 0.6783565588786231, 0.666946449297092, 0.6026256523777732, 0.4847925842230288, 0.3503283346528218, 0.21433194210651751, 0.10507784977312523, 0.03314809263572153, 0.009326600102996912, 0.0036156524546314007, 0.0014906367616954008, 0.00042787270402738385, 1.2298137600787081e-05, 0.0, 0.0, 0.0, 0.00021060560641347875, 0.000822437952052636, 0.0017278883329105844, 0.005333804761941365, 0.014823355188148713, 0.04724175832622357, 0.13272047614289426, 0.2652774895401781, 0.4072753732356663, 0.5234866244943062, 0.6042725779714797, 0.6349292728982419, 0.6411306087834393, 0.6099594417670428, 0.5403878525145877, 0.4501477057568107, 0.33984878414975195, 0.2050171277187216, 0.08703545706797039, 0.021001119642944106, 0.004946925849916602, 0.00164641317130537, 0.0006707609216429286, 0.00019215840001229813, 0.00020086958081285566, 0.0, 0.0, 4.714286080301714e-05, 0.0008485714944543087, 0.0026871430657719763, 0.006688137165228044, 0.01507854154336503, 0.03160621363402284, 0.07302839076307388, 0.15953912729341033, 0.27574832886244866, 0.39066161418180356, 0.4730622106414786, 0.5140242324553026, 0.5202988447437031, 0.5240846214351449, 0.5192365931084334, 0.5067391231940337, 0.468973592311616, 0.36221345979918274, 0.20286905301778396, 0.06922929108923077, 0.014939162650556117, 0.003977935091454585, 0.0015639131649000904, 0.0007050932224451259, 0.0003791925760242683, 9.889752320632944e-05, 0.0, 0.0, 3.894410240249242e-05, 0.0012287889152786426, 0.006321242726804559, 0.01767447342193118, 0.03690722336236212, 0.06832896493237317, 0.12773409376817488, 0.22255119740304383, 0.3311176188755934, 0.4068582614020413, 0.432276462133269, 0.4101638983046535, 0.38132374078600617, 0.4078170037125011, 0.47041401167810815, 0.5336869047893579, 0.5194302887756472, 0.38027122517633893, 0.1832950297589311, 0.05132678969928503, 0.010810062951091848, 0.0035546741890274975, 0.001729425600110683, 0.000992049766463491, 0.0004637422720296795, 7.686336000491925e-05, 0.0, 0.0, 9.22360320059031e-06, 0.0024381057793560383, 0.01281517180242018, 0.035197782235852695, 0.07579393445605086, 0.13229106617166678, 0.21128866547272268, 0.31270013297361343, 0.3992564750975543, 0.423385421070299, 0.37920948596347165, 0.3034673061698221, 0.28000297204992053, 0.35701647181804963, 0.4998244953279908, 0.6080486186373216, 0.5638122176872885, 0.3670040968170904, 0.14901448361913694, 0.037663558824810574, 0.009803665357427445, 0.004148571750665508, 0.0022351865089430523, 0.0009131367168584406, 0.0003812422656243995, 8.813665280564075e-05, 0.0, 0.0, 0.0, 0.004567733273892335, 0.0206998152717248, 0.0555358272931544, 0.12395549099033339, 0.21141267169353098, 0.31706443455469285, 0.41647130562665485, 0.4647507193129459, 0.43387317033176975, 0.33821825607284667, 0.2654804088105904, 0.28772569004081405, 0.4194331070988439, 0.5959534003069449, 0.6743396796847705, 0.5550877139043298, 0.3118782074439613, 0.10935657681339894, 0.029812735233908087, 0.01006192624704397, 0.004796273664306961, 0.0022121275009415763, 0.0006948447744444699, 0.00017883541761144547, 7.942547200508322e-05, 0.0, 0.0, 0.00011478261760734608, 0.005037112192322377, 0.026691570395308263, 0.06813783137716097, 0.15534956175074285, 0.28430117114139597, 0.4218804364814026, 0.5250023699536029, 0.5527326205537784, 0.4986761567295167, 0.4054045190531464, 0.3751516129776098, 0.4398895217305522, 0.5778925603953887, 0.6933023830203818, 0.6629987471272394, 0.4662864492458449, 0.22444203605916413, 0.07440014552796177, 0.02453427209117023, 0.009736025600623107, 0.004465761216285809, 0.0017852796417142575, 0.0008121895040519801, 0.00016909939201082238, 0.00012810560000819875, 2.562112000163975e-05, 0.0, 0.00010658385920682137, 0.0038462425346461587, 0.022994955201471694, 0.06342149560725904, 0.1566588009828265, 0.30845778792374223, 0.4768782202545227, 0.60852260935735, 0.6582649889957353, 0.6394380775961289, 0.5910976856442346, 0.5867241604599538, 0.6391347235353109, 0.6960376937917546, 0.6777575370929846, 0.538137805756045, 0.3158325711050145, 0.1341101656917834, 0.0461093048221511, 0.017642190810729107, 0.007490078221279366, 0.003486009587423106, 0.0018057765377155696, 0.0006912578176442406, 9.172360960587032e-05, 8.711180800557515e-05, 0.0, 0.0, 3.586956800229565e-06, 0.0026645964801705335, 0.014448774413724724, 0.046060624694147914, 0.11960451239165491, 0.25823168153972703, 0.4339269746837734, 0.5957043630205306, 0.7049405205699243, 0.7465276977117876, 0.7455776665821279, 0.7354178676566783, 0.7144408318665352, 0.6517469760673184, 0.5194400248012472, 0.335415817967066, 0.16918855350842787, 0.06774377855153568, 0.025133293876808568, 0.01064301324868116, 0.004637422720296793, 0.0024217082625549884, 0.0011729348736750679, 0.0004534938240290237, 0.000170124236810888, 4.09937920026236e-06, 0.0, 0.0, 0.0, 0.0010417547392666722, 0.00595793524518131, 0.023722595009518274, 0.06687624742828023, 0.15676282273003284, 0.29038823683138487, 0.4376968662808142, 0.5653228389225855, 0.6441170065308293, 0.6658401293354214, 0.631208573851605, 0.5495448408031736, 0.42191733089420314, 0.2792763570866736, 0.1511133657696716, 0.0676710145707311, 0.026759210152112647, 0.010512345536672806, 0.004423230157083087, 0.0026481989633694845, 0.001584410060901402, 0.0005318944512340412, 0.00027312113921747975, 4.458074880285317e-05, 0.0, 0.0, 0.0, 0.0, 0.0003407608960218086, 0.0018411336833178324, 0.007736553395695146, 0.020781290433330005, 0.051979103414526745, 0.10482881248670901, 0.17391001350233046, 0.24705164961581189, 0.3034273372226204, 0.31987558384127274, 0.2936088116155919, 0.23282270441170025, 0.15807154953971658, 0.08695603159596545, 0.040056059010563604, 0.015705234138605154, 0.005422966259547072, 0.001868804492919603, 0.00077734478084975, 0.0005641770624361073, 0.0006482143360414857, 0.00021982920961406908, 0.0, 0.0, 0.0, 0.0, 0.0, 0.0, 2.9720499201902112e-05, 0.00023571430401508572, 0.0014163355136906455, 0.0032487580162079205, 0.007323540941268705, 0.011964550618365741, 0.018658324429994145, 0.023584753383909446, 0.02621757967527792, 0.026024396430465578, 0.022195576257420545, 0.017274783949905587, 0.011180031923915527, 0.005676615347563304, 0.0020568635137316383, 0.0005769876224369272, 0.0003914907136250554, 0.0002059938048131836, 2.7158387201738137e-05, 0.0, 3.484472320223006e-05, 0.00012451864320796918, 0.0, 0.0, 0.0, 0.0, 0.0, 0.0, 0.0, 0.0, 4.714286080301714e-05, 0.00012041926400770684, 0.00015936336641019923, 5.944099840380423e-05, 0.0, 3.433230080219727e-05, 0.00012810560000819875, 7.583851520485367e-05, 7.17391360045913e-06, 6.559006720419776e-05, 4.355590400278758e-05, 0.0, 0.0, 0.0, 0.0, 0.0, 0.0, 0.0, 0.0, 0.0, 0.0, 0.0, 0.0, 0.0, 0.0, 0.0, 0.0, 0.0, 0.0, 0.0, 0.0, 0.0, 0.0, 0.0, 0.0, 0.0, 0.0, 0.0, 0.0, 0.0, 0.0, 0.0, 0.0, 0.0, 0.0, 0.0, 0.0, 0.0, 0.0, 0.0, 0.0, 0.0][0.0, 0.0, 0.0, 0.0, 0.0, 0.0, 0.0, 0.0, 0.0, 0.0, 0.0, 0.0, 0.0, 0.0, 0.0, 0.0, 0.0, 0.0, 0.0, 0.0, 0.0, 0.0, 0.0, 0.0, 0.0, 0.0, 0.0, 0.0, 0.0, 0.0, 0.0, 0.0, 0.0, 0.0, 0.0, 0.0, 0.0, 0.0, 0.0, 0.0, 0.0, 0.0, 0.0, 0.0, 0.0, 0.0, 0.0, 0.0, 0.0, 0.0, 0.0, 0.0, 0.0, 0.0, 0.0, 0.0, 0.0, 0.0, 0.0, 0.0, 0.0, 0.0, 0.0, 0.0, 0.0, 8.637218725128428e-05, 2.8941465885247088e-05, 0.0, 0.0, 0.0, 0.0, 0.0, 0.0, 0.0, 0.0, 0.0, 0.0, 0.0, 0.0, 0.0, 0.0, 0.0, 0.0, 0.0, 0.0, 0.0, 0.0, 0.0, 7.687576875768757e-06, 0.00015103827508863323, 0.00033463569929816946, 0.0009613993198755518, 0.0018712466536430065, 0.003931065045944577, 0.006207040011576589, 0.008487084870848711, 0.01064412850010854, 0.012191140293755879, 0.012816095072715436, 0.011258682439765575, 0.008875985818681724, 0.006966301280659865, 0.004875280370450766, 0.0034037877143477317, 0.002141216265103828, 0.0016451414514145138, 0.0008185008320671441, 0.0001528471167064612, 7.687576875768758e-05, 0.0, 0.0, 0.0, 0.0, 1.7183995369365457e-05, 3.753346356992982e-05, 6.421387743289197e-05, 0.001009785833152449, 0.004928641198176692, 0.012154059040590425, 0.02712493669054342, 0.05084925113957024, 0.08590053179943563, 0.13226430793719676, 0.18019273207437936, 0.2233530497069677, 0.254075772375371, 0.26047274075682, 0.23916910860285068, 0.1960766225309305, 0.14192849649084702, 0.09352027711453594, 0.05818229505824475, 0.035962936835250744, 0.022058823529411783, 0.012162198827870641, 0.0061844294913537354, 0.0021742276246291873, 0.00033780117212936836, 6.64749294551769e-05, 0.0, 0.0, 0.0, 4.069893640112871e-05, 0.001071738658563056, 0.006924697923449834, 0.023298784458432854, 0.053953223355763066, 0.10541114969973236, 0.18503138340206984, 0.29170013023659547, 0.41186690543375976, 0.5349350625859216, 0.6310058063816011, 0.6865137291078904, 0.6878595072715552, 0.6475435930829997, 0.5627812748715769, 0.44175620432674995, 0.3093092033861508, 0.19915210549164325, 0.11989680558570294, 0.07033861515085749, 0.038529683090948647, 0.020541205412054155, 0.008962810216337462, 0.002165183416540047, 0.00027223066348310536, 0.0, 0.0, 1.808841617827943e-06, 0.00016098690398668695, 0.003950057882931773, 0.01856052384053255, 0.050185406265827404, 0.11026201070834261, 0.20655976412705365, 0.33762571449244033, 0.48665074886043164, 0.6346709717097222, 0.7420107987844702, 0.7863414369437951, 0.7916847550828583, 0.7819156537153751, 0.762236813544619, 0.7185781600463172, 0.6219231604080806, 0.4740218688951618, 0.31675258664351436, 0.1881774111858774, 0.103083170537588, 0.054239472541784295, 0.028141957890167157, 0.01261712249475435, 0.004092956370740177, 0.0007108747558063816, 0.0, 0.0, 6.737935026409086e-05, 0.00036764705882352946, 0.006590062224151658, 0.028728474784747885, 0.07170338615150867, 0.15135889226539348, 0.26411077346067663, 0.40031835612473887, 0.5373258989942877, 0.6322539070979036, 0.6503432276969906, 0.6108471709717156, 0.5643409485565495, 0.5495297011793678, 0.5773184827436549, 0.6083374032269804, 0.5916571702481795, 0.4981572426018404, 0.35037623905650966, 0.20355799146226783, 0.10319712755951115, 0.04773035598003054, 0.022535001085305012, 0.010343860791549097, 0.0033667064611822574, 0.0005299905940235873, 0.0, 0.0, 8.320671442008538e-05, 0.00034141885536502427, 0.008151092540337168, 0.03197398885753567, 0.07373381086752062, 0.14964049272845673, 0.251035561826207, 0.3651834165400503, 0.45539803559800524, 0.48113875624050734, 0.429101548368427, 0.34262535272411565, 0.2873381086752042, 0.2956958613703777, 0.366745351277043, 0.45419696476376686, 0.4995183959192547, 0.45717160480428626, 0.3331384306490132, 0.18643730554952628, 0.086754757253455, 0.0365046848997902, 0.014633980898632527, 0.006602724115476452, 0.0023085341147529117, 0.00017003111207582663, 0.0, 0.0, 9.541639534042398e-05, 0.00032604370161348675, 0.0059452101873959905, 0.024802384053252316, 0.060059420447145746, 0.1224866145720283, 0.20446693437522656, 0.29565471022357376, 0.3544809528977648, 0.34921044063381923, 0.2816009152738588, 0.19903317415527094, 0.1696806490123723, 0.21349757615223203, 0.3092707655017741, 0.41111894942478994, 0.4659191628681024, 0.42320653353592597, 0.29754766297663027, 0.1598043737790324, 0.06975933362274814, 0.027441936184067785, 0.010640963027277336, 0.0038876528471167063, 0.00161574777512481, 0.00018721510744519214, 0.0, 0.0, 4.74820924679835e-05, 0.0002631864553939657, 0.004094313001953547, 0.01596302727733161, 0.04187061355907685, 0.09043484552492614, 0.161688282324, 0.24391008248317828, 0.30322787786701516, 0.30824922219810474, 0.2658621843571373, 0.221700672889082, 0.22874023225526413, 0.3001641523768184, 0.3946838144852052, 0.46526255336082994, 0.4677044895448986, 0.3850336444540938, 0.250517328702699, 0.12698701251718406, 0.05255951088922664, 0.02080484407785258, 0.007267021199623766, 0.002205882352941176, 0.0012630236596483612, 0.00023605383112654653, 0.0, 0.0, 3.48202011431879e-05, 0.00021977425656609506, 0.0020747413356486505, 0.010045401924607492, 0.030308497937920568, 0.07097170971709742, 0.13624285507561001, 0.22454869401635225, 0.30751257144924493, 0.35593073945445464, 0.370573312350772, 0.384132389118011, 0.4246246653643024, 0.48721555965559865, 0.5399916793285612, 0.5457419868316362, 0.47997205339700744, 0.350531347225237, 0.21360113233485317, 0.10448864047464029, 0.040849522465812964, 0.014389787280225752, 0.0053998444396208675, 0.0016333839808986323, 0.0005797337385138557, 4.74820924679835e-05, 0.0, 0.0, 5.878735257940814e-06, 3.527241154764489e-05, 0.0011861478908906735, 0.0061518703422328395, 0.021748154981549816, 0.05836272700962308, 0.12390972071485457, 0.22587457492222024, 0.3448778127487173, 0.4541485782504898, 0.5337932313146715, 0.5865083025830296, 0.6307539251863179, 0.6613884668258538, 0.6696562296505391, 0.6296555061138935, 0.5155166956081371, 0.362353031618552, 0.2236067397438677, 0.11284413211779186, 0.04237482816004639, 0.01348446205050287, 0.005043050430504306, 0.0012413175602344253, 0.0003075030750307503, 0.0, 0.0, 0.0, 0.0, 0.0, 0.0005385825917082701, 0.0042218363360104205, 0.015504033716807787, 0.04754133203096747, 0.10992059185297788, 0.21798079010201843, 0.3588818645539412, 0.4994564430938459, 0.6031885355618329, 0.6706257687576948, 0.7015646479994312, 0.7102118153534578, 0.6964153281238802, 0.6506122928876438, 0.5592232834093088, 0.4353492873164048, 0.2928776861298033, 0.1611325157369224, 0.0673092576514001, 0.02290626582736419, 0.007939910281455758, 0.002080620070906591, 0.0005114499674408508, 5.652630055712322e-05, 3.1654728311989004e-05, 5.109977570363939e-05, 4.476883004124159e-05, 3.1202517907532016e-05, 0.0002066601548368425, 0.0026092540337168068, 0.011528199840821941, 0.03422011793647357, 0.08643640112871749, 0.17970977136241975, 0.3082293249403096, 0.42889850589682516, 0.5163559981188077, 0.5699605672527358, 0.593175240575942, 0.5988224441068, 0.5949157984226966, 0.587139588307656, 0.562286556689101, 0.505207655017729, 0.3935881086752063, 0.24379838651327687, 0.11695879458794595, 0.04477561319730853, 0.0142147818537009, 0.0037031510020982565, 0.0007768974748571014, 0.0002030424716011866, 2.3514941031763257e-05, 1.6731784964908476e-05, 0.00010219955140727878, 0.00020846899645467047, 0.0005783771073004847, 0.002292706750596917, 0.008781473844150206, 0.02363206352651763, 0.05828901671369668, 0.12535498516749904, 0.21560397221619357, 0.29912135518414046, 0.35373797120324185, 0.38485140366109694, 0.39332492221981197, 0.3891912669126698, 0.40290138195499775, 0.4440493632877533, 0.5019069712755975, 0.5297776029230933, 0.47690787569640686, 0.33326324072064384, 0.17531157296867114, 0.07835947109471103, 0.025230175095868626, 0.005976864915707981, 0.0011260039070978944, 0.0002758483467187613, 3.843788437884379e-05, 0.0, 4.838651327689747e-05, 0.0004707510310397221, 0.0016740829172997604, 0.0048644273207437945, 0.010894200853773253, 0.021293231314666122, 0.043865765863541045, 0.08914152376817902, 0.14831506403299363, 0.1969521018739602, 0.2269336516894583, 0.23433045727516152, 0.22103999348817086, 0.20536638086969136, 0.22160842196657293, 0.2840622965053184, 0.4065380580276399, 0.520402829028296, 0.523398722957822, 0.4001207401779916, 0.22973690398668717, 0.10899763041748087, 0.040177990015194294, 0.009959934158165118, 0.0017143296432964332, 0.00033056580565805655, 7.913682077997251e-05, 0.0, 7.687576875768758e-05, 0.0009243180667100789, 0.004116019101367485, 0.010711055639968175, 0.01973672310252517, 0.03207618840894291, 0.053300683742131635, 0.08913790608494344, 0.13433136169597, 0.17030560379133264, 0.18037090297373612, 0.1667679617972655, 0.13309637508139838, 0.1028181752405762, 0.10794443238550046, 0.17741118587656465, 0.33442723030171584, 0.5045953621300969, 0.5491344692858738, 0.4348274365096617, 0.2671523406410543, 0.13428614065552452, 0.0531582374647277, 0.013612889805368641, 0.0021909594095940953, 0.0002053035236234715, 4.069893640112872e-06, 0.0, 0.00010626944504739166, 0.00157821431155488, 0.007022827581216994, 0.02026987916937995, 0.037146371463714675, 0.05936437305549544, 0.08904836842486087, 0.12544814051081682, 0.16553207076188436, 0.191990449316258, 0.18081859127414857, 0.1444337421315393, 0.09450021706099451, 0.057590351638810676, 0.061466247015411445, 0.1442130634541639, 0.3295117032052683, 0.5225974061211244, 0.5727380435569115, 0.45285118660010404, 0.2852751248100719, 0.15221944866507486, 0.06219656681860944, 0.016938445119745328, 0.0027548657839519567, 0.00023786267274437448, 0.0, 0.0, 0.00018043195137833732, 0.002132624267419144, 0.01030677953838363, 0.031368026915563306, 0.062364789089067445, 0.10078458505173309, 0.14589980826278878, 0.1949501664134294, 0.23884623037406874, 0.24924526083496235, 0.2146479994211716, 0.15477941176470644, 0.09455222125750706, 0.06921939439982656, 0.09894815859923313, 0.22070128789523205, 0.42195074524274834, 0.5926185695680534, 0.6035765320888582, 0.45668231314666163, 0.286833894074236, 0.1504295998842344, 0.059216952463642426, 0.016512462918746848, 0.002820436292598219, 0.0003260437016134867, 0.0, 0.0, 0.00022791404384632082, 0.0028462122856522673, 0.012980247449533319, 0.03847180015917816, 0.08148650604153111, 0.13894029013819584, 0.21210657694812274, 0.2923314159612192, 0.3503671948484192, 0.36249186021272145, 0.31650794081470296, 0.24459653787714342, 0.19639226539324214, 0.19947634035163883, 0.2715966644960566, 0.4206818428478424, 0.591617827942991, 0.6802736777367887, 0.6009663736343306, 0.421734136459014, 0.24949623760943518, 0.12280949280081038, 0.04762589537660095, 0.013893712466536435, 0.0021222234281166336, 0.0002157043629259822, 0.0, 0.0, 0.00016234353520005787, 0.0028380724983720425, 0.012380164242818905, 0.03633239273569217, 0.0817383872368137, 0.1569545438101444, 0.25798015700745325, 0.37470199334346427, 0.47541874683452856, 0.5282351132334892, 0.5222596049489939, 0.4815633818102913, 0.4601362962159039, 0.48749457347514846, 0.5697937016134921, 0.6731911583821811, 0.7373340387815773, 0.6813137616670374, 0.5182421677157987, 0.3282875696404033, 0.17644978655668941, 0.07922816728167299, 0.03034829245351283, 0.009535308588380004, 0.0017337746906880833, 9.993849938499385e-05, 0.0, 0.0, 1.89928369871934e-05, 0.001963045365747775, 0.008850209825627679, 0.0275359959481948, 0.06420392880399403, 0.13299734100282212, 0.23538862962159074, 0.3713375479343043, 0.5137874430214934, 0.6365996490847341, 0.7159318247594362, 0.7493442949135508, 0.7606151870342373, 0.7757366507488739, 0.793221366037205, 0.7757963425222659, 0.6844982273352258, 0.5241349214962779, 0.33942053758772833, 0.19117511395702208, 0.09109688155705095, 0.03839718544244271, 0.013613794226177573, 0.00436699587584111, 0.0008813580782866651, 3.617683235655886e-06, 0.0, 0.0, 0.0, 0.0007637833731278488, 0.004362473771796542, 0.014544443238550035, 0.03492059185297741, 0.076646498082628, 0.1457049055784674, 0.247844765212358, 0.37162560596194144, 0.5081547102235755, 0.6358738513855814, 0.7232508501555747, 0.7585847623182302, 0.739771905072008, 0.671020548440792, 0.5550819405252903, 0.40651137761377654, 0.2596456479270666, 0.14567144200853746, 0.06966029954417202, 0.030122639461688784, 0.011839320599088363, 0.0038998625280370425, 0.0009600426886621806, 0.0003075030750307503, 3.662904276101584e-05, 0.0, 0.0, 0.0, 8.185008320671441e-05, 0.0013105057521163443, 0.004170736560306779, 0.011360429780768405, 0.025340966644960588, 0.04724603863685705, 0.08289514145141463, 0.13353094928008113, 0.19125018088416187, 0.25619483033065615, 0.30888096013313066, 0.3311654366543672, 0.3106368931336372, 0.25755507922726306, 0.18719656681860936, 0.1190728782287826, 0.06530822661167782, 0.031160010129513104, 0.013037678170899373, 0.005184140076694888, 0.0017758302583025828, 0.0005227552275522755, 0.00015058606468417623, 2.577599305404819e-05, 0.0, 0.0, 0.0, 0.0, 0.0, 0.00011486144273207439, 0.0003911619998552927, 0.0009130128065986541, 0.0022411547644888207, 0.003950962303740686, 0.006397420591852981, 0.009446675349106436, 0.012759116561753854, 0.01494645828811229, 0.017104406338181027, 0.018131828377107296, 0.016838054409955883, 0.014246436582012878, 0.010455104551045513, 0.0066180992692279885, 0.0035724621952101863, 0.0015049562260328483, 0.0004811518703422329, 2.8037045076333114e-05, 3.617683235655886e-06, 0.0, 0.0, 0.0, 0.0, 0.0, 0.0, 0.0, 0.0, 0.0, 0.0, 0.0, 0.0, 0.0, 0.0, 0.0, 5.878735257940814e-06, 8.54677664423703e-05, 9.360755372259605e-05, 0.0001144092323276174, 8.501555603791333e-05, 1.3114101729252587e-05, 0.0, 0.0, 0.0, 0.0, 0.0, 0.0, 0.0, 0.0, 0.0, 0.0, 0.0, 0.0, 0.0, 0.0, 0.0, 0.0, 0.0, 0.0, 0.0, 0.0, 0.0, 0.0, 0.0, 0.0, 0.0, 0.0, 0.0, 0.0, 0.0, 0.0, 0.0, 0.0, 0.0, 0.0, 0.0, 0.0, 0.0, 0.0, 0.0, 0.0][0.0, 0.0, 0.0, 0.0, 0.0, 0.0, 0.0, 0.0, 0.0, 0.0, 0.0, 0.0, 5.0824691118990284e-05, 0.0001895841652851225, 8.712804191826905e-05, 3.6303350799278772e-06, 0.0, 0.0, 0.0, 0.0, 0.0, 0.0, 0.0, 0.0, 0.0, 0.0, 0.0, 0.0, 0.0, 0.0, 0.0, 0.0, 6.453929030982893e-06, 2.2185381044003694e-05, 0.00017869316004533886, 0.0005207513986874322, 0.0008962893941777492, 0.00147028570737079, 0.0027824501534825007, 0.00386630686012319, 0.004215625768925138, 0.004294283028990244, 0.00445603462532925, 0.00386065967222108, 0.0038219360980351813, 0.003491978976326181, 0.0024178031632319658, 0.0017240057924013054, 0.001302483552565235, 0.0005171210636075043, 0.00024403919148404063, 8.551455966052334e-05, 0.0, 0.0, 0.0, 0.0, 0.0, 0.0, 2.581571612393157e-05, 1.6941563706330095e-05, 0.00016820552536999164, 0.00013270891569958575, 0.0010866803005917442, 0.002870384936529642, 0.005667759800896292, 0.011319788149779563, 0.019502160049372583, 0.029591264607056578, 0.04350311200390466, 0.0589889113431837, 0.07502531150291834, 0.08531650471338499, 0.08725833061058204, 0.07874075777194242, 0.06434042862156178, 0.046156080206203036, 0.027363448979674177, 0.014532231324951298, 0.006571309865233897, 0.002105594346358168, 0.0008059343877439887, 0.00020894595237807114, 0.0, 0.0, 0.0, 0.0, 6.131232579433748e-05, 0.0001375493624728229, 0.00020370213504039756, 0.0011641274489635391, 0.004195457240703317, 0.010461012218094406, 0.0222261214710118, 0.04237972498194921, 0.07025545457845761, 0.10582305746820443, 0.14617503862273165, 0.19395428198022652, 0.24289845952781475, 0.27451787133285754, 0.27041599606310324, 0.23581648252800358, 0.1830039812674713, 0.12410018111338363, 0.0705975128170998, 0.03406787113117212, 0.013981630504495577, 0.004266047089479692, 0.0014755295247084637, 0.0002158032519734905, 0.0, 0.0, 0.0, 0.0, 3.468986854153305e-05, 0.00014723025601929725, 0.0006506367204359627, 0.0039187450334999254, 0.010759103065212928, 0.02522518161759663, 0.05110342017901596, 0.09150703276579125, 0.14500970106207486, 0.21256862341727498, 0.2930422611340358, 0.375768723453176, 0.44129223794023126, 0.4674919628415068, 0.443958114000592, 0.37061647123362895, 0.2775996224451531, 0.18259778710908403, 0.10174054398554351, 0.0498533747998274, 0.019892219385182618, 0.007215089286074442, 0.002870788307094078, 0.0004671031136173869, 0.0, 0.0, 0.0, 0.0, 0.00017465945440097453, 0.00022145043987560056, 0.0018135540577061927, 0.0076172497388175605, 0.021036178305924327, 0.04610323866226191, 0.08940587549564173, 0.14770582991476824, 0.2223552000516317, 0.3118369092133875, 0.41116207025908796, 0.49761971029926505, 0.5520247185481952, 0.5549205158302839, 0.5077059912629999, 0.4221902214907799, 0.3114230510142764, 0.20295710960788418, 0.11932467700102097, 0.059794038989798966, 0.02606056205654453, 0.009880965346434813, 0.004111959533864977, 0.0009366264506213922, 0.0, 0.0, 0.0, 0.0, 6.574940200313823e-05, 0.0003053515172783782, 0.0032729487598371987, 0.012630742484197965, 0.03241203496416056, 0.06909899117021856, 0.12181105316020696, 0.19415677400357445, 0.27939260460407256, 0.3787149420558209, 0.46819302088249704, 0.5298659599614405, 0.5493665065285567, 0.5227133931128563, 0.462079536607899, 0.38428911988576736, 0.299643823791604, 0.20905889613611367, 0.1339323386215217, 0.07570942798020276, 0.034532554021402935, 0.013095828744993166, 0.004086547188305479, 0.0014896474944637392, 6.695951369644752e-05, 2.9446051203859446e-05, 0.0, 0.0, 0.0, 0.0005812569833528968, 0.004284602135443768, 0.01605535857626327, 0.04047097547103607, 0.08210002783256908, 0.13938066483536465, 0.21543820161267613, 0.3036706721363722, 0.3986507254619631, 0.46865165321426105, 0.49774798213875626, 0.47642984780828906, 0.4176240667013583, 0.35889089229602644, 0.3155390442537853, 0.2709960429347636, 0.21444994372980725, 0.15062784628354586, 0.09284864326310674, 0.047372242457978955, 0.01787899689808036, 0.00461657610997495, 0.0018966483939800972, 0.00024403919148404063, 6.211906692321035e-05, 0.0, 0.0, 1.5731452013020803e-05, 0.0005554412672289652, 0.004267257201173001, 0.017361069093343996, 0.04525212677130109, 0.08742008220692128, 0.14362371980267163, 0.21731387473730523, 0.3063958436697047, 0.3906240546002415, 0.44017570821787055, 0.4341190991928577, 0.3711339956678009, 0.2977608899968135, 0.2610969259129287, 0.2575670301035463, 0.25636982626829885, 0.22376982062111117, 0.16501526757586435, 0.10418174264151275, 0.054693821573064655, 0.01918632089741886, 0.004537918849909848, 0.0020652572899145256, 0.0005606850845666387, 0.0, 0.0, 0.0, 1.7344934270766526e-05, 0.0006373254918095606, 0.004082110112096678, 0.016778198627733353, 0.0448072090387277, 0.0866605354340874, 0.14203040607314757, 0.21498198950429828, 0.3069948489578923, 0.38415721771119576, 0.4075922407638236, 0.35930192690118773, 0.2639499659151871, 0.2015332115154232, 0.19625389756807918, 0.23064446515079987, 0.2604023218009699, 0.2451258717846328, 0.18398578522130996, 0.116447434764896, 0.05946166164470328, 0.020541645993925273, 0.005197026352198977, 0.002216521251578187, 0.0006921838885729154, 3.589998023484234e-05, 0.0, 0.0, 5.606850845666388e-05, 0.0005497940793268552, 0.00355651826663601, 0.015460386993719544, 0.043175978476146765, 0.08281157350823508, 0.1419110083860743, 0.22637277087341834, 0.32299655924908677, 0.3872821294738856, 0.37326016191294625, 0.28293137456587353, 0.18473484435946821, 0.15151445478417677, 0.1823355962421997, 0.24981787819015772, 0.296437834545463, 0.28398457510961667, 0.21461451892009736, 0.13338214117163058, 0.06770413575839726, 0.024059037315810952, 0.007148533142942434, 0.0026884648119688114, 0.0009148444401418252, 0.00013553250965064076, 0.0, 0.0, 0.0, 0.0007063018583281904, 0.003391136335217074, 0.015546304923944479, 0.04149997378091345, 0.08332264401337611, 0.15393387142966644, 0.2573717987503587, 0.354464707092466, 0.39335689017429953, 0.3302846586073243, 0.21915284114057168, 0.14823424535417967, 0.15951974700598212, 0.2311934524889988, 0.3220058811428303, 0.3735509920899051, 0.35116150554029596, 0.2633489437741778, 0.16178709294867966, 0.08276841285784024, 0.0340210801456975, 0.011084219740148692, 0.00303334664456196, 0.0006849232184130596, 9.640556490030696e-05, 0.0, 6.453929030982893e-06, 0.0, 0.0006808895127686953, 0.0031612151134883084, 0.014970291757929265, 0.04351642323253116, 0.09499699488929521, 0.18429113673858796, 0.3020700977366884, 0.39264695798089005, 0.3915074361363574, 0.28979270786693617, 0.19186845279152578, 0.17638225008168307, 0.24065450907785443, 0.3454429210482803, 0.44664899903594685, 0.4848114847667152, 0.4373674423482648, 0.3281508283214553, 0.20410268201088314, 0.10977689574081065, 0.04974043104178527, 0.01951224431348346, 0.004282988653186022, 0.0006494266087426535, 6.131232579433748e-05, 0.0, 2.5412345559495142e-05, 1.976515765738511e-05, 0.0007486557675940156, 0.0033774217360262354, 0.016558361670115502, 0.05301337980162252, 0.12275736050437472, 0.23671680562782613, 0.36344454259794917, 0.4356446466675574, 0.3919822032906985, 0.2852939159617765, 0.2361036823698826, 0.2825913331800522, 0.3847235499836647, 0.49525676553279663, 0.5730068451984823, 0.5737204077269721, 0.4975091867646075, 0.3740273727265041, 0.24351682660309665, 0.13935081541359637, 0.07113722263231585, 0.03195219252070306, 0.007121507315125195, 0.0008244894337080646, 1.6538193141893666e-05, 0.0, 0.0, 3.6303350799278772e-06, 0.0010039893348822763, 0.004723065938986168, 0.02395214411623528, 0.07544562363106139, 0.17411853447406547, 0.31498965354502306, 0.45212838478325235, 0.49760478558837967, 0.42688101778460996, 0.3462968565331916, 0.356525930676736, 0.44000064539290507, 0.5391200874507427, 0.6039820742121235, 0.6215674173392952, 0.5852785878803353, 0.5087208716031202, 0.39966520243151876, 0.27373936614349603, 0.16770897620517078, 0.09193541230522269, 0.043408723291826566, 0.011668703688017078, 0.00144769695576235, 2.0571898786257974e-05, 0.0, 0.0, 0.00010366623506016272, 0.00210317412297155, 0.010081037146395294, 0.04175772757158828, 0.11879464807935121, 0.24803377018365524, 0.4117142845618008, 0.5490518774882986, 0.5710932552407967, 0.4986204726696294, 0.4568627450980413, 0.5022770268362461, 0.580015812126132, 0.6197675778807789, 0.6062853201350545, 0.5722775512179827, 0.5290717233200664, 0.4867512938110886, 0.41321805002601925, 0.3027122636752714, 0.194676315290569, 0.1099164619561053, 0.0518121422607308, 0.016808048049501655, 0.002118502204420134, 0.00016013811408126304, 0.0, 0.0, 0.00042555594548043444, 0.004455631254764818, 0.022203129348838894, 0.07460943645098464, 0.1767065600154897, 0.3271077120418229, 0.5024363582092006, 0.6274836534078838, 0.628621158399596, 0.5642436196861004, 0.5482721621872414, 0.5922379402285568, 0.6246786145027916, 0.6036327553033211, 0.5456748591228343, 0.5007579332905786, 0.4955770417609576, 0.4948275792522355, 0.43932620980916837, 0.3264933786721858, 0.21378680252187351, 0.12146859155100044, 0.06052252622917109, 0.021427044382863213, 0.0026130345164191993, 0.00019805494713828753, 0.0, 0.0, 0.0006986378176038981, 0.009594168875120513, 0.04141607270351059, 0.11205190572423195, 0.22770833081226785, 0.38108837445696314, 0.5475081783381986, 0.6565642508803639, 0.6610787742375356, 0.6149154333611717, 0.5950337016106647, 0.6117409070190571, 0.6076676710593775, 0.5635744279196986, 0.5170270782659921, 0.5135943947626405, 0.5471604729116547, 0.5526362283238815, 0.4722702905478214, 0.3419162522034112, 0.21953442969452783, 0.1258548430686821, 0.06485835642629834, 0.024226436100052037, 0.0034375239501272642, 0.00011334712860663707, 0.0, 0.0, 0.0007236467925989567, 0.015792360968250704, 0.06111870792340809, 0.14264433607221996, 0.25561713679506054, 0.39516116670902174, 0.5423067149097902, 0.6579199793474338, 0.702084619077017, 0.6844835444978316, 0.6530831629092764, 0.6401688509182814, 0.6202241933597188, 0.593832060699205, 0.5908362275171389, 0.6180697911750653, 0.6420408937078311, 0.5931398768106384, 0.4701711501304945, 0.3321825171129971, 0.2121640427411453, 0.12465481563948377, 0.06322268878750856, 0.022098253002085445, 0.002513805357567837, 0.000180710012867521, 0.0, 2.0975269350694402e-05, 0.0010039893348822765, 0.019886168826716042, 0.0706910947880491, 0.15216589824574178, 0.2553751144563985, 0.37755686516532305, 0.5149368120010839, 0.6449980033157141, 0.7386086135750429, 0.7650705293432025, 0.7488973865621231, 0.7185574661874726, 0.6874813945327247, 0.6700981400583361, 0.6721948602522789, 0.6735235628915317, 0.6345668405193916, 0.533760099390511, 0.40402321800968927, 0.280622481455038, 0.1819451335358257, 0.1089971804397548, 0.05386610517484113, 0.018231139400833377, 0.0025222761394210016, 0.00010043927054467127, 0.0, 5.8085361278846036e-05, 0.0012887689533743964, 0.019131865871219924, 0.06750769429351673, 0.13653972595003908, 0.22631549225326916, 0.32742355119377664, 0.4458624264352954, 0.574958351989227, 0.68982860784718, 0.7611146742177776, 0.7753189652738397, 0.7490244482899218, 0.706176006712097, 0.6631129719939887, 0.6202294371770585, 0.5645889048892626, 0.48496839591628127, 0.3804833186103084, 0.27979516842737956, 0.1963031087769407, 0.1291979783067314, 0.0791037912799352, 0.039787665734880746, 0.01267511324628597, 0.0018373529210079424, 0.0, 0.0, 7.46235544207397e-05, 0.001056830878823449, 0.013380204992920848, 0.04809911621509344, 0.1003005110705052, 0.16710311361738736, 0.23943310300874135, 0.31794030922387556, 0.40530190269895383, 0.489854826933862, 0.5564944677727139, 0.5887584657397282, 0.5794994978036562, 0.5366329045504303, 0.4706709262598298, 0.39810133475319803, 0.3246838583201224, 0.2568639552097317, 0.20137468688359905, 0.15446672394528718, 0.1146209728491275, 0.07851083655021383, 0.048520235084365045, 0.023748845351759355, 0.006988798399425603, 0.0008607927845073432, 0.0, 0.0, 0.0, 0.0004868682712747719, 0.005874285529887746, 0.021320554553852008, 0.05036162171101736, 0.08896257124532617, 0.12981110156467462, 0.16441908588162726, 0.18793195945319138, 0.20679639064018956, 0.21548297574532824, 0.21866476275760277, 0.20904437479579366, 0.18991815611247637, 0.15979524910149195, 0.12933714115146172, 0.10480817712808234, 0.08974995058710605, 0.08060352303850991, 0.07116223160731097, 0.057647704216432644, 0.041103863886636845, 0.025113044600683344, 0.011079379293375451, 0.0024335346152449845, 0.00023960211527523988, 0.0, 0.0, 0.0, 5.163143224786314e-05, 0.0011258072453420784, 0.004266853830608565, 0.011705007038816355, 0.02187801267390315, 0.03356890174296424, 0.0410010043927055, 0.04296864600602645, 0.03998773753484117, 0.03279322014755296, 0.02635542593914755, 0.021767892509812013, 0.01864298074712297, 0.01637039098708813, 0.01706701195186984, 0.018333998894764662, 0.02048154377982423, 0.022754536910423534, 0.02398723735534127, 0.02069210321446004, 0.014038505754081112, 0.0074087071570039294, 0.002677170436164591, 0.00039974022935650286, 5.727862014997318e-05, 0.0, 0.0, 0.0, 4.235390926582524e-05, 0.00012585161610416642, 0.00024928300882171424, 0.0007236467925989568, 0.0014936812001081032, 0.0024658042603999016, 0.003006724187309155, 0.002635623268027639, 0.0017288462391745422, 0.0016493822379805656, 0.0016522058319316205, 0.0019442461205835967, 0.0019668348721920367, 0.0019672382427564725, 0.0024448289910492067, 0.002516225580954455, 0.0025428480382072597, 0.0034609194428645764, 0.0040558910254083124, 0.003416145310212133, 0.0024472492144358257, 0.0011096724227646212, 0.000265014460834735, 1.6134822577457231e-06, 0.0, 0.0, 0.0, 0.0, 0.0, 0.0, 1.2101116933092924e-06, 8.269096570946832e-05, 0.00013593588021507718, 0.0002456526737417864, 0.0005348693684427073, 0.0003222930809847082, 7.8657260065104e-05, 1.0891005239783631e-05, 0.0, 0.0, 7.704377780735829e-05, 0.00013028869231296715, 0.00017183586044991952, 0.00010487634675347201, 5.163143224786314e-05, 0.00020128191165377898, 0.0006449895325338528, 0.00042111886927163384, 0.0002553335672882607, 0.00010931342296227275, 1.1294375804220063e-05, 0.0, 0.0, 0.0, 0.0, 0.0, 0.0, 0.0, 0.0, 0.0, 1.1294375804220063e-05, 8.672467135383263e-05, 7.139658990524826e-05, 1.2101116933092924e-06, 0.0, 0.0, 0.0, 0.0, 0.0, 0.0, 0.0, 0.0, 0.0, 2.7025827817240866e-05, 0.00016215496690344521, 0.00014238980924606006, 9.116174756263335e-05, 1.2101116933092924e-06, 0.0, 0.0, 0.0, 0.0, 0.0, 0.0, 0.0, 0.0, 0.0, 0.0, 0.0, 0.0, 0.0, 0.0, 0.0, 0.0, 0.0, 0.0, 0.0, 0.0, 0.0, 0.0, 0.0, 0.0, 0.0, 0.0, 0.0, 0.0, 0.0, 0.0, 0.0, 0.0][0.0, 0.0, 0.0, 0.0, 0.0, 0.0, 0.0, 0.0, 0.0, 0.0, 0.0, 0.0, 0.0, 0.0, 0.0, 0.0, 0.0, 0.0, 0.0, 0.0, 0.0, 0.0, 0.0, 0.0, 0.0, 0.0, 0.0, 0.0, 0.0, 0.0, 0.0, 0.0, 0.0, 0.0, 0.0, 0.0, 0.0, 0.0, 0.0, 0.0, 0.0, 0.0, 0.0, 0.0, 0.0, 0.0, 0.0, 0.0, 0.0, 0.0, 0.0, 0.0, 0.0, 0.0, 0.0, 0.0, 0.0, 0.0, 0.0, 0.0, 0.0, 0.0, 6.601967386281111e-05, 0.00015534040908896733, 3.4174889999572814e-05, 0.0, 0.0, 7.378669431725949e-05, 0.0001817482786340918, 0.00036660336544996295, 0.0003099041161324898, 0.00019805902158843335, 0.00031922454067782787, 0.00038757432067697354, 0.0001708744499978641, 0.00010563147818049778, 0.0, 0.0, 0.0, 0.0, 0.0, 0.0, 0.0, 0.0, 0.0, 0.0, 0.0, 0.0, 7.456339636270432e-05, 0.0004986427131755851, 0.00045437069658522944, 0.00043339974135821885, 0.00046524452522145717, 0.0013568984733921298, 0.0021685521108819835, 0.0049872038338012945, 0.009377123794655514, 0.013196167752107777, 0.015437729855261581, 0.01731657210319264, 0.018004730115456762, 0.016204334774115633, 0.013725878547101156, 0.012226843599392622, 0.008881587889661707, 0.005312641990842681, 0.002779039918601626, 0.0009833047895331632, 0.00020582604204288173, 5.669924931747307e-05, 0.0, 0.0, 0.0, 0.0, 0.0, 0.0001250490293166187, 0.0001273791354529532, 0.00046524452522145717, 0.0012714612483931973, 0.002639233550421554, 0.0073887665583167285, 0.0165639478211566, 0.03180672546301154, 0.059391298606985006, 0.10275457380417033, 0.15771478724189225, 0.20709439648309297, 0.24807941001712655, 0.26287791408898686, 0.24486231014489362, 0.19808775956411503, 0.14537842865409223, 0.08884617027638961, 0.0461430918178324, 0.018944539590445023, 0.004348754752445637, 0.0004683513334032366, 5.4369143181138565e-06, 0.0, 0.0, 0.0, 0.0, 0.0, 0.0001801948745432021, 0.0002524281647695719, 0.0012916555015747631, 0.004277298164264714, 0.010499458250323309, 0.024287472961060038, 0.05408720033864227, 0.10577905156913263, 0.1860302370106296, 0.2875265535011794, 0.4031091382879169, 0.5036524413687079, 0.5689210443535715, 0.5935355088757673, 0.5602833409061809, 0.4792678806519655, 0.3692363853840225, 0.24302618650946292, 0.13558576926512358, 0.059197899797669214, 0.01611812084707127, 0.0020450564856562548, 9.32042454533804e-06, 0.0, 0.0, 0.0, 0.0, 0.0, 0.0, 0.0009281589443065799, 0.0038640926760880622, 0.009843921723967862, 0.024472328047875934, 0.059984698969704826, 0.12704593027545782, 0.2291830259534991, 0.3612705292059397, 0.49821397364650266, 0.6215053262342819, 0.7061743929102696, 0.7529372929603667, 0.7637233542654598, 0.7503718461042642, 0.6964493065992572, 0.5839199375531586, 0.4375985926158949, 0.272390960741596, 0.13401993794150657, 0.042995118427644446, 0.005742158221973673, 0.00021747657272455428, 0.0, 0.0, 0.0, 0.0, 0.0, 3.4174889999572814e-05, 0.0015666080256622355, 0.005773226303791469, 0.017631913133643262, 0.0521710763925298, 0.12240979576619766, 0.23782927312339136, 0.38398129701474665, 0.534381881094686, 0.6533974889222908, 0.722669214249382, 0.7526545734158255, 0.7530312739078653, 0.7507803913801645, 0.7571307073037237, 0.7539508891296739, 0.7076664375395689, 0.5934958970714488, 0.4224226113499486, 0.2408203527003994, 0.09118559683726926, 0.015930158952073618, 0.0006796142897642321, 0.0, 0.0, 0.0, 0.0, 4.116520840857635e-05, 0.00010873828636227714, 0.0021879696620181045, 0.009545668138517045, 0.03486848492615508, 0.10116699482328113, 0.21785793342886808, 0.37374125724760304, 0.5336960531885596, 0.6579101278063275, 0.7105324680872616, 0.7014287434126004, 0.6611823735237842, 0.6182346339209113, 0.5942089095491665, 0.604518075798356, 0.6549112812088638, 0.7057922555039096, 0.687205775556415, 0.5553901180198793, 0.3551633210226072, 0.15464370735420335, 0.03263857335368295, 0.0007425271554452639, 0.0, 0.0, 0.0, 0.0, 0.0, 0.00030136039363259665, 0.0036365189767727252, 0.017308028380692772, 0.06811055576914875, 0.1782500126214087, 0.33599043103080084, 0.5138637431601694, 0.6527908846247994, 0.7042023464168861, 0.6680717206668817, 0.588091604239243, 0.4947957079444976, 0.4243076672142422, 0.3805614779086539, 0.3910283146730677, 0.47039561318684814, 0.6050159418094879, 0.6929440502681615, 0.6483458188187188, 0.46712725097961827, 0.2276303985646546, 0.05324214851319817, 0.0009895184058967218, 0.0, 0.0, 0.0, 0.0, 0.0, 0.0004605843129487881, 0.00515341807152649, 0.035833925568643024, 0.12311737132959774, 0.2744088326556617, 0.46404840407147485, 0.6301282723428089, 0.7033021487462146, 0.6647536495287409, 0.549992815506083, 0.4234944601726626, 0.31504433026924344, 0.23746266975794092, 0.20088932384203476, 0.21181829832348892, 0.29899921941444557, 0.47077231367888844, 0.6509501007770945, 0.6965922197756172, 0.5570879886912209, 0.3019304929339543, 0.07892302494378635, 0.001358451877483019, 0.0, 0.0, 0.0, 0.0, 0.0, 0.0004077685738585393, 0.009339065394428718, 0.065333069254638, 0.19469900853983974, 0.39067180843420857, 0.5864613066458549, 0.7056501190295935, 0.6826558549741983, 0.5531136043246806, 0.3939370638332586, 0.2640025786507912, 0.17165037534126387, 0.12082610029553532, 0.10355613031506948, 0.11922143386964643, 0.1903230692158031, 0.36806744880562764, 0.5967922205523156, 0.7156423908442424, 0.613937918205511, 0.3650538448693023, 0.10531924395822921, 0.0024683591004236905, 0.00016854434386152955, 0.0, 0.0, 0.0, 0.0, 0.0003961180431768667, 0.015459477512534037, 0.10744740756274795, 0.2881968473663981, 0.5119934446347396, 0.6830348855723753, 0.7172152124862684, 0.5951751268937007, 0.40762255387399704, 0.2428273507858288, 0.14093646965619322, 0.0869168423955047, 0.06622938341508133, 0.0623031545753577, 0.07572456592064443, 0.13888053934190084, 0.311039654522931, 0.5569559493434957, 0.7164688018205961, 0.6408855956722197, 0.40290175884178325, 0.1277434087122673, 0.003683121099499416, 0.00013436945386195674, 0.0, 0.0, 0.0, 0.0, 0.0007091289674911359, 0.02588747917467643, 0.16810240039767174, 0.3908986054314792, 0.6201554180792974, 0.7354055743905883, 0.666703948364854, 0.4703412440436675, 0.26321189596852806, 0.12654107394591843, 0.07065425496798067, 0.0507458281391385, 0.04445687167717163, 0.043159779261278716, 0.05538118594635327, 0.1211398879218952, 0.29625901459811593, 0.5477023211740651, 0.7171686103635417, 0.6423869607260649, 0.41080392545213856, 0.13962151309325524, 0.004782931195849304, 1.5534040908896734e-05, 0.0, 0.0, 0.0, 0.0, 0.0007984497027172922, 0.04261764123355823, 0.2395830663420056, 0.4897681156043341, 0.7011009751494226, 0.7383873335430484, 0.5750266991328149, 0.3386669462794037, 0.14767669000656322, 0.06442821137169476, 0.0418230750410682, 0.03556285655478277, 0.03314498308731298, 0.0339473163002575, 0.05324214851319819, 0.13782577796418669, 0.3284471007654411, 0.5728123216012528, 0.7159973436790095, 0.6198152225833926, 0.3905654002539827, 0.13877102435349314, 0.005491283461294993, 0.0, 0.0, 0.0, 0.0, 0.0, 0.0014236948493003857, 0.06689191025984575, 0.3140827731369834, 0.574229026132145, 0.7408968578518802, 0.6976671754065118, 0.47469310560429473, 0.22906652064668262, 0.08304808950714385, 0.03973685334700336, 0.030053708946442534, 0.029133317022590408, 0.029741474724173697, 0.03595819789591421, 0.07716845502312651, 0.194312210921208, 0.4011223344556696, 0.617941040547733, 0.7026287480728132, 0.5746251441753208, 0.3470320273088452, 0.12015192292008942, 0.004688173546305032, 0.0, 0.0, 0.0, 0.0, 0.0, 0.0019937941506568955, 0.09075918741432021, 0.37475796022508906, 0.6308467217348454, 0.7519299104074258, 0.6465842585796493, 0.39169705513419545, 0.1606204295939014, 0.05689109472269808, 0.030727886321888657, 0.02608709160035574, 0.028259527221464933, 0.03745800954566819, 0.06532219542600182, 0.14548328343022707, 0.3036524413687054, 0.5096144062695411, 0.6686091984823282, 0.6637882088862526, 0.4985681497792255, 0.280089631416045, 0.0896112217911528, 0.003563508984500909, 0.0, 0.0, 0.0, 0.0, 0.0, 0.002881564588600344, 0.11523229216424152, 0.41312781797211073, 0.6555248758247663, 0.7463461994027211, 0.6134276249616538, 0.35666080256622457, 0.14303278847684864, 0.056079441085208175, 0.03661451112431507, 0.037821506102936366, 0.050800197282319624, 0.0816989580542064, 0.1487244610658683, 0.27651291849677107, 0.45139049083686067, 0.619120850954766, 0.686867910166647, 0.5885568487644646, 0.39999533978772867, 0.20041786570044995, 0.05725692138610257, 0.002282727311562375, 0.0, 0.0, 0.0, 0.0, 3.4174889999572814e-05, 0.004247006784492366, 0.12633369449978488, 0.409959650328741, 0.6473415430739596, 0.7408354983902903, 0.626383015079675, 0.39188579373123855, 0.19459260035961343, 0.10344583862461633, 0.08133002458261986, 0.09284618581043054, 0.12923389993747583, 0.19953009526250617, 0.307566242975702, 0.4535404020986505, 0.5998058244886423, 0.6851312043930321, 0.6348692616282048, 0.4739793164245304, 0.28819762406844324, 0.12688359954795966, 0.031379539338016876, 0.0010959265861226642, 0.0, 0.0, 0.0, 0.0, 0.00019728231954298852, 0.004626814084714892, 0.11742103852830514, 0.3687758010710742, 0.607676923017181, 0.734247511640827, 0.6819047840962551, 0.5119887844224662, 0.3372968438712393, 0.23907665660837565, 0.21795424448250397, 0.241892978225159, 0.30146291830259625, 0.3943510460234813, 0.5110163534615707, 0.6234501881560753, 0.6882675272525397, 0.6483458188187176, 0.5135165573458554, 0.3404945261923366, 0.17813894422890994, 0.0653120982994109, 0.0124513104905262, 0.0005763129177200688, 0.0, 0.0, 0.0, 0.0, 4.582542068124537e-05, 0.0031005945654157866, 0.08759257317504164, 0.2879855844100377, 0.5231872745136904, 0.6965813459469795, 0.7470506681579415, 0.6831583811976017, 0.5708426052140038, 0.492224047472031, 0.4657820030369065, 0.48529120501439005, 0.540774915630744, 0.6159620037359397, 0.6775801071072158, 0.7014069957553302, 0.6462961021207893, 0.5177853117876197, 0.357412650146215, 0.2034850620779116, 0.08960733828092556, 0.026244762115581074, 0.00456079441085208, 0.0002982535854508173, 0.00011184509454405649, 0.0, 0.0, 0.0, 0.0, 0.002131270412700632, 0.050632429640503525, 0.18758519450561012, 0.38578324576017925, 0.590615109184893, 0.7364649959805746, 0.7964761028198244, 0.7791828317779934, 0.7419011335966401, 0.7228501858259689, 0.7220470759109808, 0.7331554685649322, 0.7374964562969245, 0.7048050672041508, 0.6198478440693006, 0.48690752197096077, 0.33553839044035155, 0.19536075868255878, 0.09176579326521694, 0.03252051464277536, 0.008407022939894912, 0.0015293263274808832, 0.0001312626456801774, 0.0002656320995421341, 3.029137977234863e-05, 0.0, 0.0, 0.0, 0.0010959265861226646, 0.019714251317480894, 0.09126404374385938, 0.22266028217585393, 0.3940341515889387, 0.5692449291065242, 0.7055079825552788, 0.7796799210870795, 0.7977576611948078, 0.7914376366510235, 0.7689055103126684, 0.7227204765843813, 0.6428102633408331, 0.5297084648872459, 0.39609474211550405, 0.2659412269562225, 0.15459166831715862, 0.07305581769249611, 0.029259142753952486, 0.009477318358517908, 0.0021351539229278555, 0.0004163122963584325, 4.815552681757987e-05, 0.00011184509454405649, 5.592254727202824e-05, 0.0, 0.0, 0.0, 4.582542068124537e-05, 0.004552250688352184, 0.02492592204241574, 0.07561427423019124, 0.16774511745676748, 0.2877393698616306, 0.4097111056741982, 0.5071297364261622, 0.5625761653443345, 0.5687051211849392, 0.5251733016438922, 0.4490681517209789, 0.34881145169495853, 0.24849649901553084, 0.15837576068256615, 0.08784577804185653, 0.041887541310840125, 0.01801405054000214, 0.007274591357636341, 0.0030337981895075315, 0.0009887417038512772, 0.00047844845999401946, 4.4272016590355695e-05, 0.0, 0.0, 0.0, 0.0, 0.0, 0.0, 0.0009180618177157968, 0.002753408751101945, 0.00988275682624011, 0.024822620670371557, 0.04972368824733303, 0.08318478906714226, 0.11632355853809166, 0.13873995627167524, 0.14451473597955786, 0.1333457605660608, 0.10735187321115823, 0.07772146687948336, 0.049979999922329925, 0.030079340113942237, 0.015408215177534684, 0.007585272175814275, 0.004262540825401262, 0.002678068652693797, 0.0016132101483889256, 0.00045048718635800527, 9.941786181693909e-05, 5.436914318113857e-05, 0.0, 0.0, 0.0, 0.0, 0.0, 0.0, 0.0, 0.0, 7.067988613548014e-05, 0.0004427201659035569, 0.0011720433865762584, 0.0019052501174761842, 0.0027603990695109497, 0.0035596254742736857, 0.003859432463815393, 0.0035114699474561063, 0.003015157340416856, 0.002337873156788958, 0.0018563178886131597, 0.0017196183286148682, 0.0013685490040738022, 0.0011689365783944792, 0.0008396149111258685, 0.0009918485120330564, 0.0004357298474945534, 0.00019805902158843335, 0.0, 0.0, 0.0, 0.0, 0.0, 0.0, 0.0, 0.0, 0.0, 0.0, 0.0, 0.0, 3.728169818135216e-05, 9.553435158971491e-05, 0.0004023316595404254, 0.0005149534561299268, 0.00036660336544996295, 0.00046136101499423304, 0.000584856640219962, 0.00034019549590483847, 0.0002780593322692515, 0.0003611664511318491, 0.00029281667113270344, 0.00010252466999871843, 1.4757338863451897e-05, 0.0, 0.0, 0.0, 0.0, 0.0, 0.0, 0.0, 0.0, 0.0, 0.0, 0.0, 0.0, 0.0, 0.0, 0.0, 0.0, 0.0, 0.0, 0.0, 0.0, 0.0, 5.4369143181138565e-06, 0.00015223360090718799, 0.00016854434386152955, 0.0, 0.0, 0.0, 0.0, 0.0, 0.0, 0.0, 0.0, 0.0, 0.0, 0.0][0.0, 0.0, 0.0, 0.0, 0.0, 0.0, 0.0, 0.0, 0.0, 0.0, 0.0, 0.0, 0.0, 0.0, 0.0, 0.0, 0.0, 0.0, 0.0, 0.0, 0.0, 0.0, 0.0, 0.0, 0.0, 0.0, 0.0, 0.0, 0.0, 0.0, 0.0, 0.0, 0.0, 0.0, 0.0, 0.0, 0.0, 0.0, 0.0, 0.0, 0.0, 0.0, 0.0, 3.9316160907941215e-05, 0.00010746417314837265, 5.111100918032357e-05, 0.0, 0.0, 0.0, 0.0, 0.0, 0.0, 0.0, 0.0, 0.0, 0.0, 0.0, 0.0, 0.0, 0.0, 0.0, 0.0, 0.0, 0.0, 0.0, 0.0, 0.0, 0.0, 0.0, 0.0, 0.0, 0.0, 1.9658080453970607e-05, 2.7958158867869305e-05, 9.523247864367981e-05, 4.805308555415037e-06, 0.0, 0.0, 0.0, 0.0, 0.0, 0.0, 0.0, 0.0, 0.0, 0.0, 0.0, 0.0, 0.0, 0.0, 0.0, 0.0, 0.0, 0.0, 4.15003920694935e-05, 0.00010134832589602622, 1.3105386969313735e-05, 8.125339920974517e-05, 4.499516192797716e-05, 0.00011139578923916676, 6.683747354350005e-05, 1.7473849292418314e-05, 0.000342487446131399, 0.0007911285267142393, 0.001453387414896893, 0.0014000921745550177, 0.0010309571082526808, 0.0007985549126635172, 0.00024681812125540876, 4.543200816028762e-05, 0.0, 0.0, 0.0, 0.0, 0.0, 4.4121469463356244e-05, 0.00011489055909765041, 0.00015813833609638577, 3.6258237281768e-05, 8.649555399747065e-05, 0.00013848025564241516, 0.0001502751039147975, 0.0003411769074344675, 0.0011777374423089942, 0.0016106520585286582, 0.0016438523721842532, 0.0018478595626732367, 0.001243264377155563, 0.0012493802244079096, 0.0013603391674147658, 0.003437106155818681, 0.00914930748951023, 0.01379298293897039, 0.014111006996092416, 0.01217053603216936, 0.007118846201731221, 0.0024297387441107664, 0.0003804930683424088, 2.664762017093793e-05, 0.0, 0.0, 0.0, 0.0, 6.465324238194777e-05, 0.0002083756528120884, 0.0005823160276698404, 0.0010519257274035827, 0.0016119625972255895, 0.0030557393950116523, 0.004965194276440663, 0.006849312076395678, 0.011155305388279859, 0.016797174478569432, 0.022028408110487178, 0.023381320891952648, 0.020775533116220754, 0.019354035476282526, 0.02107739386274728, 0.029304082109617838, 0.042765935604496895, 0.05035744942958811, 0.05125953689930918, 0.04348280027171841, 0.030241990970388426, 0.01317921398257421, 0.003056176241243963, 0.0003350610601821212, 0.0, 0.0, 0.0, 0.00012712225360234325, 0.00013629602448086284, 0.001418876562544367, 0.004329583008428948, 0.009157607567924138, 0.015179532880323796, 0.02349227983495951, 0.03587337575110253, 0.05448389893999265, 0.0796043046827733, 0.11053651270021236, 0.1433039117395868, 0.1718356497104802, 0.1952235232959176, 0.20894530029902136, 0.2108757237996013, 0.20110478412151334, 0.176287112817724, 0.14295749267736513, 0.11032333173884493, 0.08039892797934602, 0.05110052487074817, 0.02461060618967429, 0.007915216883233187, 0.0020256559792235927, 0.00013411179331931057, 0.0, 4.717939308952945e-05, 0.00046349385248139574, 0.0019815345097602367, 0.007615977214100527, 0.018979658255192468, 0.03787631572624597, 0.06321121296909103, 0.09377734384385393, 0.1354232057087065, 0.1950915957337591, 0.2754271810094199, 0.3649229949303987, 0.43870457618270753, 0.4769032844283988, 0.4906106455058369, 0.497936556821685, 0.5021818285072779, 0.49011526187839616, 0.43364240204269333, 0.32703925281820334, 0.21855984902594228, 0.13061746030705929, 0.07328270285500868, 0.03236768473681112, 0.012465407238978925, 0.003257125508106774, 4.630570062490853e-05, 2.315285031245427e-05, 0.000119259021420755, 0.0013000543873559224, 0.006453966236154704, 0.017152330465437828, 0.03919428080912666, 0.07477715381574276, 0.12494894359659912, 0.18427440932928862, 0.2735605370587577, 0.4016901580728094, 0.54637231967534, 0.6562164310973456, 0.6813088786812596, 0.6462655107715446, 0.6015582305106575, 0.5908222975053983, 0.6221384933610382, 0.6554183130309136, 0.6080938869922534, 0.4679881265194083, 0.30343557719400593, 0.16755280924890908, 0.08066540418105539, 0.034773396938144796, 0.013253477842066994, 0.0034266218462432312, 0.00029181328318338585, 8.037970674512425e-05, 9.435878617905891e-05, 0.0016573946053858768, 0.008866667977205369, 0.023805061737293808, 0.05283087279692992, 0.09836816089920458, 0.16420700395564283, 0.25417766973114314, 0.3969329026029488, 0.5726857524785626, 0.7087122428340956, 0.7251005292392237, 0.632040923755049, 0.5234077500890122, 0.4553947233343617, 0.4682484868738638, 0.5714241405596484, 0.6793221020167105, 0.6604734976312107, 0.5068141459546966, 0.3155405862913287, 0.16183274468303507, 0.06819693901845034, 0.025800138480255683, 0.009949609787102983, 0.0024122648948183482, 0.0002450707363261668, 9.348509371443799e-05, 2.708446640324839e-05, 0.0017316584648786547, 0.00866659240280718, 0.023462137444930142, 0.05001845675331522, 0.09515821478418728, 0.16647947805612182, 0.2896137624037029, 0.46821135494411614, 0.633736760828879, 0.6648921972710329, 0.5451386659152956, 0.38224220065658043, 0.2734722941198309, 0.2470430970650487, 0.3290622877200334, 0.5189781292933823, 0.6816609767445009, 0.659873270908015, 0.4780958746426072, 0.27298783164819973, 0.12376771138443121, 0.044314555498037554, 0.015287433899704495, 0.005949408837836126, 0.00149794573059256, 0.00011226948170378768, 1.0047463343140532e-05, 3.582139104945755e-05, 0.001604536211276312, 0.005963387917270063, 0.017661256326079518, 0.03908856402090754, 0.08127698890629004, 0.16481727814218028, 0.31948443407662624, 0.5081858431241538, 0.5976602515797532, 0.5043284908928524, 0.308125995190323, 0.1634093227354438, 0.11131715691735115, 0.1438434168364903, 0.31283257649723417, 0.5745170118844086, 0.7223361662811613, 0.6303000915192914, 0.4078693480288422, 0.20060677941667915, 0.08007129330511319, 0.025207338143010426, 0.007398864636642232, 0.002436291437595423, 0.0006871591234243503, 4.892677801877128e-05, 0.0, 0.0, 0.0007483175959478144, 0.00316844572294775, 0.010742485698746475, 0.02866803399537382, 0.07462163655704022, 0.1801628125907823, 0.351848624043581, 0.5094046441123008, 0.5129417880553199, 0.3511728229221957, 0.17324535250214584, 0.09584493706137932, 0.10005613474085205, 0.1970159033870873, 0.44885469839043984, 0.7077323967350225, 0.7493703953676956, 0.5575865993049811, 0.30504055025151433, 0.12937375908367155, 0.04630788485607014, 0.014284434950319683, 0.003955205787338885, 0.0008466079982176674, 0.000155517258702523, 0.0, 0.0, 0.0, 0.0001245011762084805, 0.0015123616562588052, 0.007604182365828144, 0.026738484187258528, 0.0811878722748985, 0.19699187684431027, 0.3612264021125903, 0.474075141920424, 0.43643559685208866, 0.2956767512619399, 0.19196901886520437, 0.1703320249788676, 0.21027549707640666, 0.3665803895357855, 0.6455080194047172, 0.8138720521070344, 0.7114215631668845, 0.44444691990642976, 0.2108805291081563, 0.08365386925629122, 0.03022888558341909, 0.011284611873043766, 0.003915889626430945, 0.0008977190073979911, 0.00012624856113772234, 0.0, 0.0, 0.0, 7.513755195739875e-05, 0.000683227507333556, 0.006569730487716982, 0.03018083249786496, 0.09275424996778282, 0.20175393762272698, 0.33766116895683423, 0.41635115447538296, 0.39892186349865977, 0.3392648314756454, 0.3074353412970416, 0.3076760435710441, 0.36817487828371875, 0.5659749206578075, 0.8012607382264624, 0.8350276414453666, 0.6100894005814489, 0.3240040451961125, 0.1438604538395502, 0.06272675049745867, 0.028965963125809572, 0.013022386185174758, 0.004874330260120088, 0.0013992184820903965, 5.5479471503428154e-05, 0.0, 0.0, 0.0, 8.867978515902294e-05, 0.0008304446876221805, 0.007010071489885917, 0.03524475402280777, 0.09425962208432465, 0.17946516915778266, 0.27943131357477946, 0.3485163609835162, 0.36897255950391994, 0.3702468399635694, 0.3695457017607103, 0.38520445495787986, 0.48317464893944917, 0.7177025382950412, 0.8727204817540408, 0.7609581785259618, 0.46030749606292354, 0.21518215395771756, 0.09636565777029318, 0.04981313902412926, 0.02750383878626647, 0.013595965288198392, 0.005238223171634702, 0.0014450873364829943, 0.00010746417314837265, 2.6210773938627473e-06, 0.0, 0.0, 3.32003136555948e-05, 0.0009047085471149582, 0.006875086004101988, 0.03216498808501902, 0.07626679946792156, 0.13194154123719226, 0.19414582364080815, 0.24446308321702387, 0.27658394983257933, 0.29100468080738007, 0.3070282006085273, 0.3662344073197954, 0.5672256114209099, 0.8225521867430426, 0.8528981471167254, 0.5949749577897385, 0.2849901818809283, 0.11851769336452414, 0.056165756934388016, 0.032929468991562336, 0.01920201298743849, 0.009466021007935319, 0.004216002988028229, 0.0009776618679108048, 0.0001153274053299609, 4.805308555415037e-06, 0.0, 0.0, 4.7179393089529457e-05, 0.0007321542853523274, 0.0046659546073080016, 0.02016307469852151, 0.044286597339169696, 0.0730332636563593, 0.10019723607388821, 0.12517785102232953, 0.14620937603068448, 0.16586221432986709, 0.21396160558464206, 0.3754094887370117, 0.6787231858322095, 0.8717249091906087, 0.7257156087343154, 0.3818844235923166, 0.13705264215522447, 0.04942958803216074, 0.02409600132801259, 0.014465289290496198, 0.008026175826240054, 0.003998890410569931, 0.001979787124830994, 0.0004032090724225526, 0.00010003778719909485, 4.805308555415037e-06, 4.8489931786460824e-05, 0.0, 0.0001992018819335688, 0.0006364849604763371, 0.0027053887166986652, 0.008630334165525414, 0.017982338306827696, 0.0286413863752029, 0.0377710357842592, 0.04737990551015999, 0.06054557725953259, 0.10356095206267893, 0.22409687502047693, 0.48839714564671916, 0.7913884502224795, 0.819772971013084, 0.5286547101852906, 0.19843783787325736, 0.050550098618037054, 0.015338544908884812, 0.00802879690363391, 0.0051338169221125, 0.0037293562852343787, 0.0020300244415466973, 0.00124981707064022, 0.00031147136363735646, 3.32003136555948e-05, 1.7473849292418316e-06, 0.0, 8.649555399747066e-05, 0.00013498548578393148, 0.0004582516976936704, 0.0017810220891297367, 0.004003258872893036, 0.007608550828151249, 0.011380281197919737, 0.014981641537087155, 0.022497580963988635, 0.05199169118466147, 0.139350016490945, 0.33863140443879414, 0.6321488247744285, 0.8271679040336389, 0.6759313015615148, 0.3309787321411793, 0.08670873495883816, 0.018919810321365985, 0.006643120654745134, 0.004689107457620454, 0.003525349094745395, 0.003010744233083676, 0.0016386102173965274, 0.0007583650592909551, 0.00031758721088970287, 0.0, 0.0, 0.0, 1.9221234221660148e-05, 4.018985337256213e-05, 0.00039010368545323886, 0.0013131597743252362, 0.002462065365301741, 0.0058677185923940705, 0.009182070956933517, 0.015458677622770183, 0.03523689079062624, 0.10034270586924765, 0.2433814519458225, 0.4810568184052091, 0.7302885150941429, 0.7557811138268525, 0.49795970967199843, 0.18211070994065384, 0.03853202192094412, 0.011268448562448262, 0.005300255336622788, 0.003668634658943225, 0.0031942196506540674, 0.0026534040150537203, 0.0017032634597784753, 0.0005399419431357259, 0.00026691304794168976, 0.0, 0.0, 0.0, 0.0, 3.6258237281768e-05, 0.0004499516192797716, 0.0011759900573797527, 0.002636367011993613, 0.006501582475476546, 0.013505538118110118, 0.02942072005364475, 0.07794428899999366, 0.18529400843550126, 0.36903764959253177, 0.5964916879083205, 0.737791349134075, 0.6222079519119734, 0.3355935757393067, 0.09370395367682555, 0.02202272910946713, 0.00913969687239941, 0.0048826303385339845, 0.0033763845295275282, 0.0032496991221574955, 0.002585692849045599, 0.0015534252020959882, 0.0007456965185539516, 0.00035297175570685, 0.0, 0.0, 0.0, 0.0, 0.0, 0.0003538454481714709, 0.0008003022975927587, 0.0025730243083085967, 0.007346879934997284, 0.021242958584792967, 0.06018124750178579, 0.14073700327853136, 0.281835278391183, 0.47127146280145316, 0.644558752541906, 0.6680252584491607, 0.4819492952578171, 0.2173047898005132, 0.05524794300030367, 0.01645556072490265, 0.007396243559248363, 0.004520921658180928, 0.003067534243284034, 0.0023895488907382037, 0.0020496825220006677, 0.0011248790481994291, 0.0005622211009835594, 0.00025074973734620285, 0.0, 0.0, 0.0, 0.0, 0.0, 0.00021405465383212435, 0.0013026754647497852, 0.003774351447162356, 0.013063886577244253, 0.04103864560194139, 0.10075246763515502, 0.20441127325387118, 0.3537004152223465, 0.520038791945433, 0.6198398084866198, 0.5646006024109591, 0.3601600604595188, 0.14404567664205015, 0.03735559501733195, 0.011935949605418645, 0.004969562738763769, 0.0030880660162026265, 0.002359843346941094, 0.0018067960168360537, 0.0014289240258875079, 0.0010082411041725367, 0.0004682991610368109, 0.00019308603468122239, 0.0, 0.0, 0.0, 0.0, 0.0, 0.00011532740532996087, 0.0015490567397728836, 0.006297575284987563, 0.02199214987320542, 0.060800695459201894, 0.13158026940307171, 0.23771206154289787, 0.37136735054944536, 0.48620417756052153, 0.5223435926671031, 0.43233404757692495, 0.2537949924316384, 0.09396081926142427, 0.024787092067527747, 0.007509823579649085, 0.002877069285996674, 0.0018041749394421907, 0.0014350398731398542, 0.0012541855329633244, 0.0008522869992377034, 0.0006487166549810299, 0.0004298566925934906, 0.00022847057949836944, 0.0, 0.0, 0.0, 0.0, 0.0, 0.00013149071592544783, 0.0010711469616252426, 0.0071262725876805036, 0.02485524007976815, 0.06079326907325268, 0.12344662940368353, 0.20510498507078034, 0.29557190816618634, 0.35292370262129724, 0.35199322014647577, 0.27291575201986895, 0.14843204966067988, 0.05182962123247439, 0.013507722349271684, 0.0034899645499282465, 0.000976351329213873, 0.0005333892496510689, 0.0005102363993386148, 0.0005023731671570266, 0.000525526017469481, 0.00020094926686281062, 0.00011139578923916676, 0.0, 0.0, 0.0, 0.0, 0.0, 0.0, 0.0, 0.0006875959696566607, 0.0038307046111304053, 0.013436953259637386, 0.03041454523215105, 0.059253386104358305, 0.08982170121028245, 0.1231460791958539, 0.14739235562778105, 0.14209253713739037, 0.10372476939979532, 0.052659629073864254, 0.016559966974424845, 0.004054369882073357, 0.0010274623383941966, 0.0002887553595572127, 0.0, 0.0, 9.217455501750662e-05, 0.00012581171490541187, 8.60587077651602e-05, 1.3105386969313737e-06, 2.5773927706317015e-05, 0.0, 0.0, 0.0, 0.0, 0.0, 0.0, 6.640062731118961e-05, 0.00040845122721027815, 0.001073331192786795, 0.002236215863197234, 0.0032680466639145337, 0.005139059076900229, 0.008229746170496717, 0.009506210861307877, 0.008933942296981169, 0.006270490818584314, 0.003491711934857489, 0.0008680134636008797, 0.00026778674040631064, 7.426385949277784e-06, 0.0, 0.0, 0.0, 0.0, 0.0, 0.0, 0.0, 0.0, 0.0, 0.0][0.0, 0.0, 0.0, 0.0, 0.0, 0.0, 0.0, 0.0, 0.0, 0.0, 0.0, 0.0, 0.0, 0.0, 0.0, 0.0, 0.0, 0.0, 0.0, 0.0, 0.0, 0.0, 0.0, 0.0, 0.0, 0.0, 0.0, 0.0, 0.0, 0.0, 0.0, 0.0, 0.0, 0.0, 0.0, 1.0879143593816295e-06, 5.294516548990597e-05, 5.2219889250318213e-05, 0.00011241781713610172, 2.1395649067838713e-05, 0.0, 0.0, 0.00011314309337568948, 0.00028575883839757467, 0.0005421439890918453, 0.00016137396330827503, 4.714295557320394e-06, 0.0, 0.0, 0.0, 0.0, 0.0, 0.0, 0.0, 0.0, 0.0, 0.0, 0.0, 0.0, 0.0, 0.0, 0.0, 0.0, 2.2483563427220344e-05, 0.00014578052415713838, 0.0004551108403413149, 0.0010523758236418296, 0.0012293432261012412, 0.001314925822372596, 0.0016750254753279154, 0.001984718429631886, 0.0020920593130908734, 0.0023716533034519524, 0.0028224124863557402, 0.0029671050961534986, 0.002673368219120457, 0.0012141124250698984, 0.0005461330084095779, 0.0004685284507736884, 0.00015194537219363427, 4.1703383776295794e-05, 0.0, 0.0, 0.0, 0.0, 0.0, 1.5230801031342812e-05, 3.626381197938765e-06, 3.735172633876928e-05, 0.00010153867354228541, 0.00014940690535507713, 0.0007622653278067283, 0.0023886972950822637, 0.005098329326182111, 0.008467600097187021, 0.012082376875292388, 0.014324205731858124, 0.01729638776168872, 0.01852935736898791, 0.018823094246020952, 0.01990955805292343, 0.023204125371250772, 0.02215936494812462, 0.016964211243957555, 0.009845624952403754, 0.005585352321065286, 0.0027114452216988136, 0.0008920897746929361, 0.0003129566973821154, 5.620890856805086e-05, 4.3879212495059056e-05, 0.0, 0.0, 0.0, 5.2219889250318213e-05, 3.336270702103664e-05, 0.00015085745783425262, 0.00040361622733058457, 0.0013355961952008471, 0.003947315933956344, 0.00831347889627462, 0.015792164840783746, 0.027002034399852076, 0.04303535359029874, 0.07072966416083724, 0.10883495251253802, 0.14382300358649125, 0.16233060266829122, 0.1624317787037137, 0.1517412069321901, 0.12384091790960904, 0.09426125175426188, 0.06055657698625971, 0.031164394738846194, 0.013085433914642244, 0.0046432184858407975, 0.0019063885957564081, 0.0004928252047998782, 0.00010915407405795682, 4.424185061485293e-05, 0.0, 0.0, 3.4813259500212145e-05, 8.775842499011811e-05, 0.00027089067548602576, 0.0017743883201514373, 0.0045442182791370685, 0.009667569635584955, 0.016506561936777686, 0.02683123184542918, 0.04343969509386891, 0.07310675703608625, 0.127982607875775, 0.20452826220186662, 0.2758493891360884, 0.31912372124733124, 0.3210877693041338, 0.2871854567608447, 0.22721200187121257, 0.16169562332053236, 0.10235062029250414, 0.052186889181417055, 0.022365343400167575, 0.010248153265374956, 0.004717196662278749, 0.0018730258887353724, 0.00039853929365347025, 7.86924719952712e-05, 0.0, 0.0, 8.92089774692936e-05, 0.00020597845204292187, 0.0005736935055139125, 0.002904006063309361, 0.00781448884343825, 0.015325812218728816, 0.025750570248443395, 0.03818289290933688, 0.057666713809622294, 0.09484328593653106, 0.16313892303731214, 0.2599382789920119, 0.35746218591005835, 0.420480713091601, 0.42142864913674194, 0.3689012427608379, 0.2845998469667148, 0.1891349992928563, 0.11257085042265519, 0.05733308673941199, 0.028331465747016452, 0.01614138535014524, 0.009816251264700447, 0.004763614341612363, 0.0011959805190802047, 0.00021069274760024225, 0.0, 0.0, 0.0001403409523602302, 0.00010915407405795682, 0.0008851996504168525, 0.004454646663547983, 0.011016583441218177, 0.020103932085132968, 0.03198939646137727, 0.044260345158962475, 0.06610711604782475, 0.1058899683416923, 0.175764531816056, 0.28384483440130337, 0.40275967609163354, 0.4828979862705247, 0.4842005823968235, 0.41545527402749793, 0.30579930881174433, 0.19377712986433754, 0.10858618276235989, 0.05907701345750075, 0.035324941887241376, 0.026204230536305537, 0.019491073662681286, 0.010059581443082145, 0.001983993153392298, 0.00017152783066250358, 0.0, 0.0, 7.035179524001203e-05, 0.00012764861816744451, 0.0012054091101948454, 0.005245197764698632, 0.012138223145740645, 0.02044735038457778, 0.03003405171944869, 0.041499943791091544, 0.06182073347186118, 0.09861834876358541, 0.16664962267503686, 0.289895451430065, 0.43684330769482127, 0.5356364480321497, 0.5299879966782414, 0.43842477253524154, 0.3051574393397095, 0.17915302240740955, 0.09731865374224422, 0.05993755371577162, 0.043840772854360915, 0.038252882066457126, 0.028640070786960993, 0.014521480869025993, 0.002382532447045768, 6.853860464104266e-05, 0.0, 5.765946104722636e-05, 4.1703383776295794e-05, 0.0001903850128917852, 0.0011938046903614415, 0.005388439822017214, 0.011024198841733841, 0.01541357064371894, 0.022522365706038296, 0.031904176503225704, 0.050634435390579484, 0.08478442976968854, 0.16212680004496663, 0.311026012032334, 0.4863205648451374, 0.5966031687318972, 0.5679326363428729, 0.4367642525847052, 0.2765068520472743, 0.14839296917213318, 0.0787751534865843, 0.05091221619034161, 0.04208089005900127, 0.03574886584928039, 0.0261476589896177, 0.01227675090750189, 0.0022392903897271873, 0.0001635497920270383, 0.0, 5.1494613010730466e-05, 7.143970959939367e-05, 0.00018965973665219742, 0.0010784857682669886, 0.004204063722770411, 0.008177126963232117, 0.01014516403935349, 0.014579502968193018, 0.02532193199084708, 0.04620771186225561, 0.08701247837770235, 0.17940650645314524, 0.3520124602457974, 0.5526905935298142, 0.6598439930808749, 0.5794115833868287, 0.3950013961567638, 0.20996094387449815, 0.09558379297715014, 0.048783893065271276, 0.03406767552591593, 0.027508277215084344, 0.022489002999017252, 0.015717461388106212, 0.007403619853711783, 0.0013707720928208534, 5.2945165489905974e-05, 0.0, 2.2483563427220344e-05, 0.0001048024166204303, 0.0001998136040064259, 0.0008130346645778712, 0.0024575985378431004, 0.005281824214797813, 0.00715339955105401, 0.012020003118687839, 0.026467868449395672, 0.05550103895821334, 0.10705439934435036, 0.20747070790587407, 0.3995042736902426, 0.6295205561418272, 0.7063755407841082, 0.5524298567216857, 0.309733932411508, 0.12665172597613106, 0.04635820668197003, 0.02374554408410304, 0.016633847916825314, 0.01329068709044558, 0.010357669977552702, 0.0067011898156710496, 0.0030022809937735023, 0.0006226496516860858, 3.952755505753254e-05, 0.0, 0.0, 0.00012329696072991802, 0.00018712126981364026, 0.0007488477173743548, 0.002049993291194784, 0.003840337688617152, 0.005718440511029644, 0.01258535594744649, 0.03414419216919245, 0.0745072654547303, 0.1312470762301595, 0.23061282215863912, 0.46410898000776013, 0.7124083885449999, 0.7329514753932037, 0.49668802605192713, 0.21269559793586276, 0.06226460253048882, 0.020347987539754246, 0.01060317598465317, 0.00812454443586201, 0.006583332426738036, 0.004660625115590901, 0.002909445635106271, 0.0012170135300282495, 0.0005037043483936944, 7.39781764379508e-05, 1.1604419833404047e-05, 0.0, 0.00010117603542249153, 0.00010443977850063643, 0.0007727818332807507, 0.001776201510750407, 0.0030671932172166064, 0.006011452111823093, 0.0169798046831087, 0.04527863299934372, 0.08925249404366908, 0.1483494525977583, 0.2643341782801514, 0.5659997751643746, 0.7847826165790913, 0.7386710038185956, 0.416629133621268, 0.13425878581504688, 0.036911483661339596, 0.016109835833723177, 0.009336843670332943, 0.006788948240661162, 0.005484901561882383, 0.004733878015789267, 0.003153138451607757, 0.0012097607676323722, 0.0004688910888934823, 8.957161558908749e-05, 0.0, 0.0, 2.0307734708457085e-05, 0.0001048024166204303, 0.0005425066272116393, 0.002310004823086993, 0.004242503363468562, 0.008616644364422305, 0.02195447441044109, 0.05122698607832267, 0.09406760299829203, 0.16160967808614085, 0.3243442596198821, 0.6639751665415687, 0.8253222946289529, 0.7084922594893491, 0.3264334178280127, 0.09928850400896436, 0.03891324608260173, 0.021345605007307165, 0.012717718861171248, 0.009332129374775622, 0.006885047342406539, 0.005520802735741974, 0.0029544127619607107, 0.0010037823155894501, 0.00032347320285613793, 1.0879143593816295e-06, 0.0, 0.0, 7.397817643795081e-05, 0.0003035281062674746, 0.0008297160180883893, 0.003760557302262501, 0.007213234840820006, 0.012614366997030002, 0.025787559336662373, 0.050052038570190485, 0.0948113737819893, 0.18599128943236257, 0.4030367316151532, 0.7149537455078334, 0.8238666652161035, 0.6300804693987934, 0.25831946242524906, 0.09291187531050922, 0.04710161482754751, 0.025233448289617336, 0.015205779001077035, 0.01135818855006401, 0.008194896231102027, 0.005877638645619153, 0.003468270977708637, 0.0013029587644193981, 0.0005221988925031822, 5.8747375406607986e-05, 0.0, 1.4142886671961184e-05, 0.00016137396330827503, 0.0004471328017058497, 0.0016728496466091522, 0.006417244167872441, 0.013317522311310325, 0.01863415978560835, 0.028444608840392085, 0.05058040231073017, 0.10982241611273696, 0.2399373361328993, 0.47534568478769584, 0.7231892572083536, 0.7695278814318529, 0.5273900571880347, 0.2255105038131385, 0.10089426560341194, 0.054524454501608394, 0.027042649869268964, 0.015971308071961926, 0.011747661890722632, 0.008758798507381505, 0.006258771309522516, 0.0043360639983753835, 0.002398125886196904, 0.0007492103554941488, 7.25276239587753e-06, 0.0, 4.605504121382232e-05, 9.972548294331603e-05, 0.0004968142241176108, 0.0024119061347490723, 0.011340419282194104, 0.023100048230869953, 0.028086322378035766, 0.035184238296761323, 0.06490279485198942, 0.1499341811812572, 0.31000663627759384, 0.5189652483889844, 0.6967913779160751, 0.6744786170432775, 0.4390978288855788, 0.21224628930543857, 0.1077241919516098, 0.05758294440395002, 0.026829781292949998, 0.015937945364940885, 0.01258390539496731, 0.010417867905438484, 0.008884996573069768, 0.006613068752561132, 0.003756568282944768, 0.0007488477173743549, 4.714295557320394e-05, 1.0879143593816295e-06, 8.703314875053036e-06, 4.061546941691417e-05, 0.00047868231812791694, 0.0029359182178512236, 0.014947943297903596, 0.03280424431655411, 0.04096686575499447, 0.050534709907636116, 0.09990172506953583, 0.21192064027386467, 0.37272381118158493, 0.5376465511301669, 0.6464430640020126, 0.5831123053993235, 0.3892492303005911, 0.2114702437290802, 0.10951707481587072, 0.054622729432072574, 0.02628691202761856, 0.019489623110202105, 0.015796153860101463, 0.013240280391794236, 0.011100715485010362, 0.008003423303850852, 0.0037047110318142408, 0.0007702433664421937, 0.00010117603542249155, 5.439571796908147e-06, 2.9736325823097873e-05, 0.00010045075918290379, 0.00035647327175738054, 0.0030893141425240335, 0.015726889979220844, 0.03833520091965033, 0.05665241498855885, 0.08424264841871666, 0.15695884419978476, 0.2809223337938844, 0.42533788806812056, 0.5413668556011327, 0.5884394593790989, 0.5161305062065542, 0.36345478083965416, 0.21188945339556192, 0.10915189822923839, 0.0533186827532937, 0.02956334743995625, 0.02289842143626456, 0.018535522217024432, 0.014277062776284922, 0.010842879781836913, 0.007270531663747427, 0.002870280718168531, 0.0005142208538677169, 5.8384737286814116e-05, 0.0, 0.0, 8.884633934949974e-05, 0.00036989088218975397, 0.0025584119351457994, 0.012924785227573562, 0.03674648331683332, 0.06787715271053874, 0.12086982379413792, 0.21615915461801577, 0.3376831775802626, 0.45356817777971403, 0.5247583923526921, 0.5370529125280632, 0.4741747262988815, 0.34798463864924767, 0.21263975166541613, 0.1098394601043675, 0.058367330657064044, 0.03555231598835218, 0.026951990339320508, 0.020101030980174583, 0.014102271202544276, 0.00926540396073354, 0.006043726904484749, 0.001914729272511667, 0.00035067106184067856, 1.8494544109487703e-05, 1.1604419833404047e-05, 3.626381197938765e-06, 0.00019401139408972394, 0.00037714364458563154, 0.0022200705693781117, 0.010090768321384409, 0.031769637760782204, 0.0712243025562362, 0.141005305395693, 0.24135380062881487, 0.35023154443948973, 0.44157319669129363, 0.48347530615723566, 0.48435796734081504, 0.4336020481801028, 0.3274535188589977, 0.20185743244958415, 0.10219686172971149, 0.05374913420148915, 0.03414600535979152, 0.02466156797470239, 0.01746573976363248, 0.0111634518797347, 0.006949596927729851, 0.0038635465282839607, 0.00103932085132925, 0.00022737410111076057, 0.0, 1.1241781713610172e-05, 3.626381197938765e-06, 0.0001729783831416791, 0.0002632752749703543, 0.001993059106387144, 0.009012282553117422, 0.027730574382517963, 0.06628698455524273, 0.13760339719390632, 0.2275742773528874, 0.3213245719963605, 0.3848729134709189, 0.4129059280453469, 0.4118140246666466, 0.3762345108193096, 0.2811210594835315, 0.16866879172604926, 0.082306886135257, 0.040389545868282625, 0.023501851267601577, 0.016521430099689226, 0.011482573425153304, 0.00686510224581788, 0.0037333594432779615, 0.001401233694883539, 0.0004090557991274926, 9.138480618805687e-05, 0.0, 0.0, 0.0, 0.0, 0.00018567071733446475, 0.0021138176002785058, 0.008100972958075409, 0.022044771302269763, 0.052741725504701666, 0.10648940915371202, 0.1740282204984827, 0.23638130673020172, 0.274414430096063, 0.28791254619103057, 0.2919360161301443, 0.27048778453493544, 0.20211309232403937, 0.11687935392392591, 0.051963504099624074, 0.02173399043360643, 0.01178138723586347, 0.007986741950340335, 0.005165417378343979, 0.0031379076505764145, 0.0018160917039277329, 0.0007143970959939367, 0.00016463770638641993, 0.00010516505474022418, 0.0, 0.0, 0.0, 0.0, 9.609910174537726e-05, 0.0009468481307818114, 0.003476974292583687, 0.008958249473268131, 0.01965135971163019, 0.03610461384479824, 0.0592768270615072, 0.08020503559293159, 0.0926924792480338, 0.10084422154288022, 0.11056292315335628, 0.10392628292300837, 0.07449493575865715, 0.03953517045804824, 0.015411394815000182, 0.006086880840740219, 0.0033007321663638635, 0.0020445537193978748, 0.0015887176028169731, 0.0012587169138045455, 0.000596177068941133, 0.00018748390793343414, 5.0406698651348835e-05, 6.527486156289777e-06, 0.0, 0.0, 0.0, 0.0, 1.8857182229281577e-05, 0.00044894599230481917, 0.001059628586037707, 0.002186345224237281, 0.005086362268228913, 0.008582556381161678, 0.012763773902385077, 0.015763879067439823, 0.01666757326196616, 0.019120094866132146, 0.024456314798899065, 0.022490090913376632, 0.014981668643044423, 0.006052430219359799, 0.0017544432235627745, 0.0007383312119003325, 0.0006389683670768103, 0.0004946383953988475, 0.00034668204252294595, 0.00021395649067838715, 8.594523439114873e-05, 1.3054972312579553e-05, 0.0, 0.0, 0.0, 0.0, 0.0, 0.0, 1.3780248552167307e-05, 0.00016717617322497706, 0.00028322037155901754, 0.0004348031056328579, 0.0007089575241970285, 0.0009265403960733542, 0.001325442327846619, 0.0015462889428010892, 0.001808838941531856, 0.002295499298295238, 0.004199349427213089, 0.0039959094420087245, 0.0022595981244356443, 0.0007858368055933304, 0.00015847285834992404, 8.521995815156097e-05, 9.428591114640788e-05, 9.174744430785075e-05, 9.936284482352215e-05, 2.901104958351012e-05, 1.0153867354228542e-05, 0.0, 0.0, 0.0, 0.0, 0.0, 0.0, 0.0, 0.0, 0.0, 0.0, 0.0, 0.0, 0.0, 0.0, 8.521995815156098e-05, 5.8384737286814116e-05, 9.356063490682013e-05, 0.00012619806568826903, 6.237375660454676e-05, 0.0, 0.0, 2.1395649067838713e-05, 6.962651900042429e-05, 7.252762395877529e-07, 0.0, 0.0, 0.0, 0.0, 0.0, 0.0, 0.0, 0.0]