[ 0.85674437  0.61765292  0.41841004  1.37477585  1.25523013  0.27894003
  0.65750149  1.15560869  0.         93.38513648]
[ 2.37128622  6.1634988   4.26277911  4.24432552  7.92581657  3.00793504
  4.05978963  6.55102417 61.16442148  0.24912345]
[ 0.35066007  1.29950495  1.07260726  2.74339934  0.28877888  1.0519802
  4.7029703  86.63366337  0.76320132  1.09323432]
[ 1.16988177 17.95892968  0.0497822   0.39825762 22.58867455  0.
 49.6204107   5.04044804  0.12445551  3.04915993]
[32.02600217  2.49187432 20.61755146  0.86673889  4.4312026  34.97291441
  2.08017335  1.87432286  0.17334778  0.46587216]
[0. 0. 0. 0. 0. 0. 0. 0. 0. 0.]
[ 0.13757524  0.98022356  0.08598452 85.2966466   1.99484093  2.95786758
  1.03181427  3.37059329  0.20636285  3.93809114]
[2.79134605e+01 2.79915245e+00 4.24556708e+01 1.11520018e-02
 2.69878443e+00 2.24824356e+01 5.24144084e-01 8.36400134e-01
 1.11520018e-01 1.67280027e-01]
