[ 0.8160828   0.61703822  0.41799363  1.3933121   1.27388535  0.27866242
  0.61703822  1.13455414  0.         93.45143312]
[ 2.07991242  7.29793833  5.16329137  3.46652071 13.31873746  5.56467798
  1.5143222   6.38569604 54.58857873  0.62032476]
[ 0.37807183  1.09220752  0.81915564  2.47847091  0.29405587  0.92417559
  4.536862   88.25876917  0.18903592  1.02919555]
[1.16696589e+00 1.75173121e+01 6.41190049e-02 4.23185432e-01
 2.27237753e+01 1.28238010e-02 4.97563478e+01 5.07822519e+00
 7.69428058e-02 3.18030264e+00]
[32.26129535  2.40373915 19.91987536  0.93478745  4.36234142 35.61095037
  1.99198754  1.95860227  0.06677053  0.48965057]
[0. 0. 0. 0. 0. 0. 0. 0. 0. 0.]
[ 0.13781223  0.98191214  0.08613264 85.40913006  2.11886305  2.79069767
  1.03359173  3.4625323   0.13781223  3.84151593]
[2.77651601e+01 2.63456734e+00 4.29025664e+01 1.13558937e-02
 3.16829434e+00 2.18941631e+01 5.11015217e-01 8.40336134e-01
 1.02203043e-01 1.70338406e-01]
[ 0.92913604 43.54458466  0.05547081  2.24656774 26.07127999  0.27735404
 16.41935931  1.89987519  0.08320621  8.473166  ]
